-2499377.375	-2866723.3125	1295551.75
-2517287.125	-2816085.0625	1393433.6875
-2535300.8125	-2765299.75	1490152.5625
-2553425.3125	-2714394.0625	1585652.8125
-2571672.1875	-2663398.5625	1679880.75
-2590053.9375	-2612342.375	1772782.8125
-2608580.125	-2561249.3125	1864305.1875
-2627253.8125	-2510144.8125	1954399.4375
-2646079.5625	-2459054.5625	2043019
-2665059.875	-2408001.625	2130118.1875
-2684196.0625	-2357005.125	2215650.875
-2703485.9375	-2306086.6875	2299576.875
-2722925.625	-2255266.6875	2381858.4375
-2742505.375	-2204560.5	2462458.875
-2762221.5625	-2153983.5	2541341
-2782063.6875	-2103551.6875	2618474.4375
-2802017.4375	-2053278.1875	2693830.9375
-2822063.375	-2003172.0625	2767384.125
-2842191.9375	-1953244.375	2839106.5625
-2862383.9375	-1903504.1875	2908978.25
-2882612.5	-1853956.625	2976981.5625
-2902852.75	-1804606.3125	3043100.75
-2923086.6875	-1755457.4375	3107319
-2943285	-1706512.1875	3169627
-2963411.4375	-1657769.0625	3230018
-2983436	-1609227.4375	3288487.25
-3003331.375	-1560884.9375	3345028.5
-3023056.9375	-1512736	3399643.4375
-3042573.125	-1464774.8125	3452336.0625
-3061842	-1416994.25	3503112.25
-3080825.6875	-1369385.25	3551976.5
-3099478.25	-1321937.25	3598940.5625
-3117755.4375	-1274638.9375	3644019
-3135610.5625	-1227477.5	3687228
-3152998.625	-1180437.8125	3728582.375
-3169871.0625	-1133506.6875	3768101.6875
-3186177.6875	-1086666.125	3805811.75
-3201863.4375	-1039899	3841737.75
-3216882.6875	-993187.6875	3875901.9375
-3231182.8125	-946511.75	3908335.625
-3244706.3125	-899852.5	3939069.75
-3257397.875	-853188.75	3968138.6875
-3269209.5	-806499.25	3995572.3125
-3280083.9375	-759762.375	4021407.9375
-3289962.8125	-712955.8125	4045684.625
-3298791.3125	-666057	4068442.375
-3306519.125	-619042.9375	4089717.4375
-3313087.4375	-571891.125	4109552.0625
-3318441.25	-524578.1875	4127990.4375
-3322525.6875	-477081.0625	4145077.25
-3325288.875	-429377.1875	4160852.75
-3326677.625	-381444.3125	4175362.5
-3326639.0625	-333259.4375	4188654.0625
-3325118.4375	-284801.375	4200774.4375
-3322069.75	-236049.25	4211766.25
-3317444.375	-186981.5625	4221676.3125
-3311192.25	-137579.1875	4230553.1875
-3303264.4375	-87823.4375	4238444.9375
-3293621.6875	-37695.8125	4245393.5
-3282220.3125	12820.5	4251445.75
-3269016.75	63741	4256648.625
-3253971.0625	115080.5	4261049.5
-3237050.1875	166852.4375	4264687.8125
-3218218.25	219067.8125	4267607.8125
-3197442.1875	271738.125	4269853.9375
-3174689.625	324871.25	4271469.6875
-3149936.875	378474.375	4272491.3125
-3123159.625	432553.6875	4272957.6875
-3094333.375	487111.9375	4272909.375
-3063437.25	542151.3125	4272384.25
-3030459.125	597671.9375	4271412.3125
-2995384.8125	653670.875	4270028.5
-2958202.4375	710144.5625	4268264.625
-2918903.5	767087.625	4266152.625
-2877486.875	824490.6875	4263717.125
-2833951.75	882343.4375	4260982.625
-2788299.5	940634.625	4257974.75
-2740533.1875	999348.125	4254719.125
-2690665.625	1058467.3125	4251229.0625
-2638709.5	1117974.1875	4247522.25
-2584678.4375	1177846.0625	4243616.9375
-2528590	1238059.8125	4239526.75
-2470470.125	1298590.5625	4235258.625
-2410344.375	1359408.9375	4230821.125
-2348240.5625	1420485.5625	4226220.5625
-2284190.125	1481789.8125	4221464.3125
-2218231.125	1543284.3125	4216549.5625
-2150403.125	1604933.25	4211472.625
-2080747.4375	1666700.6875	4206233.75
-2009307.875	1728544.75	4200830.25
-1936135.4375	1790420.5625	4195247.3125
-1861282.5625	1852286.4375	4189475.75
-1784802.875	1914097.9375	4183504.9375
-1706752.25	1975802.875	4177321.1875
-1627193.5625	2037353.625	4170905
-1546190.8125	2098701.0625	4164236.375
-1463808.75	2159790.375	4157293.1875
-1380114.0625	2220566.125	4150057.5
-1295180	2280976.4375	4142502.0625
-1209080.4375	2340964.9375	4134596.3125
-1121889.875	2400469.5	4126311.125
-1033684.1875	2459434.375	4117624.1875
-944544.875	2517801.5	4108498.3125
-854554	2575509.4375	4098896
-763793.8125	2632493.4375	4088784.75
-672347.3125	2688697.0625	4078135.9375
-580301.75	2744058.6875	4066905.375
-487746	2798511.6875	4055050.4375
-394767.1875	2851994.875	4042537.5
-301453	2904449	4029330.75
-207894.8125	2955811.25	4015382.8125
-114185.1875	3006014	4000648.5
-20413.75	3055001.125	3985093.0625
73329.5625	3102712.0625	3968675.9375
166951.375	3149082.8125	3951348.1875
260358.5625	3194052.1875	3933066.125
353461.3125	3237566.1875	3913792.875
446170.0625	3279566.75	3893486.75
538391.75	3319990.875	3872099.8125
630036	3358787.5625	3849591.375
721015.25	3395904.9375	3825923.25
811241.9375	3431287.8125	3801055.9375
900627.0625	3464881.25	3774945.5
989085.0625	3496642.8125	3747554.4375
1076533.3125	3526524.875	3718845.875
1162888.0625	3554476.8125	3688784.625
1248068	3580457.25	3657333.8125
1331994.25	3604429.4375	3624458.375
1414590.75	3626353.125	3590127.5
1495781	3646185.9375	3554311.125
1575493.125	3663900.625	3516980.3125
1653657.5	3679466.375	3478105.3125
1730205.6875	3692851.75	3437662.5
1805072.0625	3704030.125	3395631.8125
1878195	3712980.25	3351987.8125
1949515.9375	3719683.75	3306711.5625
2018976.1875	3724119.5	3259788.5625
2086522.9375	3726274.625	3211206.4375
2152106.9375	3726139.5625	3160948.75
2215680.25	3723705.3125	3109007.25
2277197.5	3718964.4375	3055377.0625
2336618.75	3711916.6875	3000054.625
2393908.5	3702565.125	2943034.1875
2449030.5	3690910.75	2884318.375
2501953.9375	3676961.3125	2823913
2552653.25	3660729.125	2761824
2601105.6875	3642228.0625	2698056.875
2647288.6875	3621471.6875	2632625.875
2691186.4375	3598482.4375	2565547.5625
2732787.8125	3573283.8125	2496837.625
2772082.375	3545900.125	2426513.75
2809063.1875	3516360.8125	2354601.125
2843728.1875	3484697.75	2281127
2876080.375	3450947.5	2206117.125
2906122.125	3415145.625	2129601.4375
2933861.9375	3377332.3125	2051615.0625
2959311.125	3337553.0625	1972195.75
2982485	3295853.5	1891379.4375
3003400.3125	3252278.75	1809206.6875
3022078.125	3206881.75	1725722.5
3038543.125	3159718.8125	1640974.3125
3052821.75	3110840.375	1555006.875
3064944.625	3060305.0625	1467871.0625
3074944.5	3008176.25	1379620.75
3082856.0625	2954513.25	1290311
3088718.5625	2899377.25	1199995.1875
3092573.25	2842836.9375	1108732.3125
3094462.875	2784959.6875	1016584.1875
3094429.5	2725810.4375	923613.25
3092525.6875	2665461.0625	829878.5625
3088801.625	2603983	735445.875
3083307.875	2541447.8125	640382.1875
3076091.9375	2477927.625	544755.9375
3067215.25	2413497	448633.3125
3056738.125	2348231.25	352082.0625
3044714	2282205.1875	255173.5625
3031198.4375	2215493.5	157979.625
3016255.6875	2148171.0625	60572.1875
2999953.25	2080317.5	-36981
2982347.375	2012006.25	-134606.125
2963500.4375	1943312.375	-232229.5625
2943476.4375	1874312.875	-329777.6875
2922345.125	1805085.375	-427181.6875
2900167.0625	1735699.6875	-524368.625
2877007.0625	1666230.9375	-621264.5
2852927.375	1596754.75	-717797.9375
2827996.5	1527344.4375	-813899.75
2802279.1875	1458066.375	-909499.375
2775837.625	1388991.9375	-1004524.5
2748734	1320193.625	-1098908.5625
2721030.8125	1251737.8125	-1192584
2692793.5	1183686.4375	-1285482.8125
2664082.3125	1116105.3125	-1377538.5
2634957.375	1049060.8125	-1468689.6875
2605472.25	982611.6875	-1558872.75
2575689.0625	916813.125	-1648023.9375
2545667.25	851724.4375	-1736084.0625
2515461	787403.5625	-1822997.3125
2485116.5	723900.375	-1908706.9375
2454687	661262.3125	-1993155.3125
2424230.9375	599540.4375	-2076291.125
2393793.5625	538782.375	-2158065.4375
2363415.8125	479029.125	-2238428.8125
2333138.625	420318.8125	-2317333.1875
2303015.1875	362692.75	-2394735.25
2273085.25	306188.0625	-2470592.6875
2243381.6875	250835.5	-2544864.375
2213932.8125	196663.8125	-2617514.5625
2184782.6875	143703.3125	-2688507.8125
2155967.3125	91980.125	-2757808.5
2127508.75	41514.9375	-2825385.125
2099425.875	-7673.9375	-2891214.1875
2071749.5	-55567.3125	-2955268.9375
2044511.25	-102149.5625	-3017520.8125
2017722.1875	-147410.5625	-3077948.875
1991394.4375	-191342.5	-3136539.9375
1965543.5	-233937.0625	-3193277.4375
1940193.625	-275188.75	-3248140.25
1915349.1875	-315097.8125	-3301117.5625
1891013.5625	-353666.5625	-3352205.0625
1867189.25	-390896.6875	-3401396.375
1843889.625	-426792.3125	-3448679.8125
1821115.625	-461363.625	-3494052.4375
1798859.25	-494622	-3537518.0625
1777115.75	-526578.25	-3579079.1875
1755885	-557245.3125	-3618735.0625
1735163.125	-586642.1875	-3656489.4375
1714934.75	-614788.125	-3692352.4375
1695188.8125	-641701.8125	-3726332.8125
1675912.5625	-667404.0625	-3758442.9375
1657095	-691921.25	-3788692.5625
1638718.25	-715278.9375	-3817094.0625
1620763.875	-737502.125	-3843663
1603210.5625	-758618.5625	-3868423.125
1586038.4375	-778659.875	-3891389.4375
1569229.3125	-797657	-3912576.25
1552757.3125	-815638.8125	-3932004.1875
1536597.875	-832638.5625	-3949702.4375
1520721.625	-848692.1875	-3965696.5625
1505108.9375	-863833.0625	-3979999.1875
1489731.5625	-878093.6875	-3992635.4375
1474562.4375	-891509.6875	-4003634.9375
1459565.125	-904119.6875	-4013032.5
1444716.875	-915958.375	-4020842.9375
1429991.625	-927060.0625	-4027090.125
1415359.3125	-937460.4375	-4031804.4375
1400781.25	-947199	-4035025.125
1386230.9375	-956310.5	-4036771.75
1371685.5	-964829	-4037064.25
1357112.75	-972788.6875	-4035934.625
1342476.625	-980227.875	-4033419.125
1327748.875	-987180.0625	-4029542.5625
1312906.5625	-993677.375	-4024324.4375
1297920.8125	-999750.8125	-4017792.4375
1282756.75	-1005435.4375	-4009982.125
1267388.0625	-1010762.625	-4000918.9375
1251793.875	-1015760.9375	-3990620.3125
1235947.875	-1020456.75	-3979111.5625
1219818.625	-1024880.625	-3966424.625
1203383.3125	-1029060.1875	-3952585
1186624	-1033019.125	-3937606.375
1169518.25	-1036778.75	-3921511.8125
1152039.25	-1040363.125	-3904328.5625
1134168.25	-1043795.5625	-3886080.5
1115891.5625	-1047093.5625	-3866777.75
1097191.8125	-1050273.25	-3846440.375
1078047.25	-1053350.625	-3825090.0625
1058444.625	-1056344	-3802748.25
1038374.75	-1059264.625	-3779421.625
1017825.75	-1062122.4375	-3755126.875
996782.0625	-1064925.125	-3729879.875
975235.9375	-1067685.0625	-3703698.5625
953183.4375	-1070407.5625	-3676586.9375
930618.625	-1073095.9375	-3648557.8125
907532.0625	-1075749.625	-3619621.625
883922.1875	-1078374.4375	-3589792.4375
859790.0625	-1080970.5	-3559072.3125
835135.625	-1083535	-3527470.625
809956.0625	-1086057.5	-3494991.125
784255.25	-1088537.5625	-3461643.625
758039.5625	-1090973.375	-3427432.5625
731314.375	-1093353.0625	-3392360.5625
704083.3125	-1095662.875	-3356431.875
676355.3125	-1097890.75	-3319646.25
648141.375	-1100031	-3282007.3125
619452.375	-1102070.9375	-3243520.9375
590296.9375	-1103989.75	-3204187.125
560689.1875	-1105769.6875	-3164002.75
530643.6875	-1107396.5	-3122964.9375
500176.0625	-1108857.6875	-3081083.9375
469299.625	-1110128.25	-3038357.6875
438031.6875	-1111189.125	-2994782.6875
406390.875	-1112017.0625	-2950354.5
374396.25	-1112595.6875	-2905079.625
342064	-1112903.1875	-2858961.25
309414.4375	-1112915.375	-2811993.875
276469.3125	-1112609.5625	-2764177.8125
243249.1875	-1111960.8125	-2715512
209772.875	-1110948.6875	-2666002.8125
176063.125	-1109552.5625	-2615652.875
142142.3125	-1107747.9375	-2564462.375
108030.6875	-1105505.9375	-2512428.625
73750.8125	-1102805.875	-2459559
39325.6875	-1099632.4375	-2405864.1875
4776.125	-1095959.125	-2351344
-29875.8125	-1091761.25	-2296004.625
-64607.5	-1087015.5	-2239850.625
-99398.5625	-1081708	-2182893.9375
-134227.5	-1075819.0625	-2125147.5625
-169072.4375	-1069327	-2066618.8125
-203914.1875	-1062212.4375	-2007316.3125
-238732.3125	-1054455.1875	-1947253.375
-273506.6875	-1046047.1875	-1886451.125
-308219.4375	-1036973.6875	-1824923.5
-342852.1875	-1027217.25	-1762686.125
-377386.375	-1016759.9375	-1699754.875
-411806.25	-1005597.25	-1636152.9375
-446096.0625	-993724.625	-1571906.5
-480239.3125	-981127.375	-1507036.1875
-514222.25	-967799.25	-1441565.6875
-548032.5	-953733.0625	-1375518.8125
-581655.75	-938929.25	-1308929.6875
-615080.625	-923389.625	-1241829.75
-648298.375	-907111.875	-1174246.8125
-681297.25	-890091.25	-1106212.25
-714068.375	-872333.0625	-1037761.75
-746606.4375	-853852	-968936.1875
-778902.8125	-834650.3125	-899772.0625
-810950.75	-814734.5	-830307.6875
-842748.5	-794112.4375	-760580.5625
-874290.9375	-772801.75	-690636.6875
-905573.4375	-750819.6875	-620523.75
-936597.0625	-728179.125	-550283.3125
-967360.5625	-704897.1875	-479960.9375
-997861.25	-680987.875	-409603.1875
-1028102.6875	-656482	-339263.625
-1058087.25	-631404.9375	-268993
-1087814.375	-605773.4375	-198839.4375
-1117289.1875	-579613.375	-128854.8125
-1146517.5	-552958.5	-59094.1875
-1175501.125	-525837.625	10387.5
-1204245.8125	-498278.9375	79536.75
-1232760.125	-470314.1875	148299.4375
-1261048.5	-441981.1875	216617.5
-1289116.4375	-413313.0625	284434.1875
-1316974.625	-384346	351693.8125
-1344629.8125	-355115.875	418340.4375
-1372086.9375	-325662.8125	484315
-1399357.9375	-296027.375	549559.9375
-1426451.5625	-266249.5	614019.625
-1453370.8125	-236365.3125	677638.1875
-1480128.5	-206422.3125	740356.3125
-1506734.75	-176463.75	802118.5625
-1533193.875	-146528.3125	862870.6875
-1559512.125	-116657.5	922558.4375
-1585703.3125	-86901.9375	981124.8125
-1611772.375	-57303.1875	1038518
-1637722.125	-27900.75	1094687.25
-1663562.125	1259.8125	1149581.0625
-1689301.4375	30129.125	1203147.5625
-1714940.25	58668.6875	1255339.875
-1740482.1875	86836.0625	1306112.6875
-1765936.0625	114586.375	1355419.25
-1791301.75	141875.1875	1403214.8125
-1816579.875	168663.125	1449459.5
-1841772.25	194909.8125	1494114.125
-1866880.75	220574.875	1537139.125
-1891901.5	245616.1875	1578498.875
-1916832.3125	269996.375	1618161.6875
-1941671.5625	293680.125	1656095.9375
-1966412.3125	316632.1875	1692271.6875
-1991049.1875	338813.1875	1726663.1875
-2015574.875	360190.625	1759248.3125
-2039981.3125	380737.125	1790004.5
-2064256.8125	400419.875	1818913.0625
-2088390	419206.4375	1845959.375
-2112369.1875	437071.6875	1871131.3125
-2136179	453993.25	1894416.6875
-2159803	469943.75	1915809.625
-2183224.3125	484901.125	1935307.1875
-2206424.8125	498847.375	1952907.125
-2229382.5625	511763.9375	1968610.375
-2252076.5	523633.6875	1982422.75
-2274483.8125	534442.9375	1994353.4375
-2296579.125	544180.125	2004411.3125
-2318335.9375	552834.75	2012610.5625
-2339727.375	560399.5625	2018969.0625
-2360724.6875	566868	2023507.5
-2381296.625	572236.8125	2026246.5
-2401412.25	576504.9375	2027213.0625
-2421039.375	579673.0625	2026437.25
-2440143.1875	581742.4375	2023950.25
-2458688.375	582719.8125	2019784.9375
-2476639.5625	582612.6875	2013979.6875
-2493959.75	581427.5	2006576.875
-2510609.625	579177.3125	1997616.3125
-2526551	575876.25	1987143.0625
-2541744.75	571537.5625	1975207.125
-2556149.375	566178.375	1961859.25
-2569723.8125	559819.75	1947148.5
-2582427	552481.4375	1931131.6875
-2594217.4375	544185.1875	1913867.75
-2605051.0625	534956.875	1895413.25
-2614886.4375	524822.75	1875828.125
-2623681.25	513809.125	1855177.25
-2631392.0625	501946.5	1833525.625
-2637975.3125	489265.0625	1810936.75
-2643389.875	475797.1875	1787478.125
-2647593.9375	461576.125	1763220.1875
-2650543.75	446636.6875	1738232.8125
-2652199.125	431014.1875	1712583.9375
-2652519.5625	414745.4375	1686346.9375
-2651465.4375	397868.8125	1659595.625
-2648995.75	380421.9375	1632401.625
-2645074.6875	362444.3125	1604836.625
-2639665.125	343976.0625	1576976.1875
-2632728.8125	325057.5	1548895.5625
-2624233.375	305729.0625	1520665.4375
-2614146.5625	286032.5	1492359.875
-2602435.375	266009.1875	1464053.9375
-2589068.1875	245699.875	1435820.125
-2574021.0625	225146.625	1407728.375
-2557266.4375	204391.5	1379850.8125
-2538776.875	183474.1875	1352260.375
-2518532.75	162436.75	1325024.125
-2496516.0625	141320	1298208.625
-2472705.625	120162.5625	1271882.9375
-2447085.375	99004.9375	1246112.9375
-2419646.0625	77886.125	1220959.5
-2390375.0625	56843.1875	1196484.875
-2359263.3125	35913.3125	1172750
-2326306.1875	15133.375	1149813.5625
-2291502.9375	-5462.1875	1127727.125
-2254851.8125	-25840.125	1106546.25
-2216355.25	-45966.25	1086323.5625
-2176020.3125	-65810.1875	1067104.5625
-2133856.3125	-85342.625	1048934.6875
-2089874.6875	-104533.5	1031857
-2044087.3125	-123356.3125	1015915.5625
-1996514.6875	-141786.5	1001143.4375
-1947179.1875	-159799.4375	987572.125
-1896102.9375	-177372.375	975236.625
-1843309.5625	-194486.5	964167.625
-1788832.25	-211122.3125	954384.875
-1732706.0625	-227261.5	945908.625
-1674964.125	-242891.5	938760
-1615643.5625	-257999.6875	932954.75
-1554788.75	-272569.875	928503.9375
-1492447.125	-286594.875	925411.0625
-1428662.75	-300072.0625	923682.4375
-1363485.9375	-312991.9375	923323.625
-1296970.75	-325349.1875	924330.4375
-1229176.75	-337141.6875	926690.6875
-1160159.8125	-348374.3125	930400.6875
-1089980.25	-359047.6875	935448.8125
-1018702.3125	-369164.125	941818.0625
-946395.5	-378725.375	949485.6875
-873126.6875	-387745.5	958430.5
-798965.4375	-396234.1875	968627.4375
-723984.3125	-404199.125	980050.9375
-648261.3125	-411649.5	992661.625
-571872.25	-418604.875	1006424.875
-494894.9375	-425082.5	1021306.5
-417408.375	-431097.1875	1037266.3125
-339496.6875	-436664.8125	1054253.5625
-261243.1875	-441806.4375	1072224.125
-182731.4375	-446549.25	1091129.875
-104045.375	-450913.625	1110919.375
-25273.1875	-454918	1131536.9375
53497.4375	-458587.75	1152924
132178.9375	-461956.875	1175021.9375
210684.75	-465048.25	1197774.5625
288924.75	-467885.5	1221117
366809.8125	-470495.6875	1244980.25
444250.9375	-472915.625	1269299.1875
521160.875	-475170.6875	1294013.875
597450.3125	-477289.25	1319050.4375
673031.1875	-479299.1875	1344333
747816.625	-481234.75	1369796.25
821719.5625	-483126.4375	1395371.25
894654.5625	-485003.25	1420980.5625
966538.5	-486893	1446548.375
1037287.625	-488824.9375	1472007
1106819.1875	-490834.8125	1497282.3125
1175053.25	-492950	1522294.375
1241913.0625	-495194.5625	1546972.6875
1307322.5625	-497595.25	1571247
1371204.625	-500187.75	1595041
1433487.6875	-502996.9375	1618278.4375
1494103.1875	-506042.0625	1640892.75
1552985.25	-509347.5	1662813.4375
1610065.25	-512945.5	1683965.3125
1665281.75	-516854.9375	1704281.4375
1718576.625	-521093.5625	1723697.25
1769895.375	-525679.75	1742145.3125
1819181.625	-530638.6875	1759556.875
1866384.6875	-535984.5625	1775873.875
1911458.8125	-541732.125	1791036.0625
1954362.875	-547893.6875	1804980.875
1995054.375	-554482.125	1817651.9375
2033494.6875	-561511.5	1828996.875
2069652.6875	-568988.625	1838963.9375
2103500.4375	-576917	1847500.0625
2135011.875	-585302.6875	1854558.9375
2164161.3125	-594154.5	1860098.0625
2190932.5	-603470.5	1864074.6875
2215312.5625	-613248.1875	1866447.1875
2237291.625	-623483.3125	1867181.25
2256858.75	-634177.6875	1866245.3125
2274012.4375	-645323.375	1863606.3125
2288754.9375	-656910	1859236.875
2301093	-668924.1875	1853114.5625
2311031.375	-681358.9375	1845219.1875
2318582.8125	-694201.3125	1835529.5
2323765.0625	-707432.4375	1824031.9375
2326599.6875	-721031.1875	1810718.0625
2327108.125	-734980.4375	1795579.25
2325317.0625	-749264.5625	1778605.4375
2321259.0625	-763855.0625	1759798
2314969.6875	-778723	1739160.4375
2306485.875	-793845	1716698.1875
2295847.5625	-809199.125	1692414.0625
2283101	-824748.5625	1666321.1875
2268294.9375	-840462.1875	1638435.4375
2251479.9375	-856308.1875	1608775.6875
2232708.625	-872255.875	1577358.1875
2212038.9375	-888267.6875	1544206.4375
2189531.25	-904307.5	1509348.625
2165248	-920335.8125	1472815.5625
2139252.9375	-936316.25	1434636.125
2111613.875	-952211.6875	1394844
2082400.875	-967981.8125	1353478.375
2051686	-983579.8125	1310580.125
2019542.0625	-998968.375	1266190.25
1986044.8125	-1014110.125	1220351.1875
1951271.8125	-1028959.5	1173111.6875
1915301.9375	-1043469.5	1124521.0625
1878215.0625	-1057600.5625	1074630.875
1840092.5	-1071315.9375	1023491.3125
1801016.9375	-1084567.1875	971157.9375
1761071.5	-1097310.75	917688.25
1720340.25	-1109505.6875	863141.25
1678907.9375	-1121114.0625	807573.5625
1636859.5	-1132091.5625	751046.125
1594279.9375	-1142397.1875	693622.6875
1551254.5	-1151989.9375	635366.875
1507869.25	-1160832.8125	576340
1464208.4375	-1168888.75	516607.6875
1420356.5	-1176119.9375	456237.0625
1376397.0625	-1182486.0625	395293.3125
1332414.6875	-1187955.3125	333842.375
1288490.75	-1192497.5	271951.75
1244706.6875	-1196078.1875	209689.25
1201141.375	-1198662.6875	147120.375
1157875.5625	-1200224.6875	84313.375
1114985.875	-1200741.5	21336.25
1072547.375	-1200183.25	-41746.125
1030632.625	-1198524.5625	-104867.4375
989315.625	-1195744.3125	-167960.1875
948666.625	-1191826.875	-230959.375
908751.625	-1186751.3125	-293802.25
869635.0625	-1180500.9375	-356424.3125
831381.9375	-1173061.375	-418761.625
794054.125	-1164423.9375	-480753.875
757707	-1154579.1875	-542340.125
722395.125	-1143519.0625	-603459.875
688172.0625	-1131236.1875	-664057.0625
655090.125	-1117730.6875	-724074
623192.6875	-1103004.25	-783454.25
592523.375	-1087057.3125	-842143.75
563122.3125	-1069891.3125	-900094.75
535030.8125	-1051515.125	-957252.5
508279.8125	-1031941.125	-1013566.5
482901	-1011177.875	-1068992.625
458919.625	-989237.625	-1123488.125
436365.25	-966136.5625	-1177005.1875
415257.125	-941896.8125	-1229500.5625
395611.5625	-916536.5625	-1280938.9375
377441.0625	-890077.25	-1331283
360761.9375	-862542.625	-1380493.5625
345581.75	-833963.125	-1428536.5625
331901.4375	-804366.75	-1475382.125
319721.25	-773783	-1521000.375
309043.0625	-742242.875	-1565363.75
299863.625	-709783.625	-1608444
292169.3125	-676442.1875	-1650217.6875
285948.5625	-642254.8125	-1690663
281188.6875	-607259.4375	-1729764.5
277876.0625	-571498.4375	-1767497.1875
275984.125	-535016.25	-1803845.6875
275491.9375	-497853.8125	-1838798.4375
276369.25	-460056.125	-1872345.1875
278592.3125	-421670.1875	-1904469.625
282130.25	-382742.5625	-1935163.1875
286947.4375	-343320.125	-1964419.75
293000.8125	-303452.5	-1992238.4375
300257.4375	-263188.5	-2018610.125
308680.5	-222577.5	-2043529.5
318221.3125	-181670.25	-2066999.4375
328830.75	-140516.9375	-2089023.4375
340466.3125	-99167.9375	-2109600.625
353082.875	-57674.3125	-2128729.4375
366624.875	-16086.6875	-2146417.6875
381039.5625	25544.5	-2162675
396272.875	67169.1875	-2177506.3125
412275.375	108737.1875	-2190913.3125
428989.0625	150199.5	-2202909.0625
446354.375	191507.6875	-2213504.75
464312.875	232613.125	-2222711.5
482812.0625	273469.3125	-2230535
501789.375	314030.3125	-2236990.125
521182.4375	354250.3125	-2242093.1875
540933.9375	394086.375	-2245854.5
560986.875	433495.5	-2248284.75
581276.9375	472436.3125	-2249401
601743.5625	510869.625	-2249220.75
622329.3125	548756.75	-2247756.125
642974.3125	586061.5625	-2245019.0625
663618.4375	622749.0625	-2241028.5625
684203.625	658786.25	-2235803.375
704670.75	694142.4375	-2229353.6875
724963.25	728787.6875	-2221695.5625
745025.6875	762695.5625	-2212846.625
764802.0625	795840.5	-2202825.875
784236.9375	828199.75	-2191643.1875
803278.5	859752.8125	-2179314.3125
821875.625	890480.1875	-2165858.5
839977	920366	-2151291.875
857532.5625	949396.5625	-2135623.4375
874496.375	977559.4375	-2118870.9375
890823.625	1004845.125	-2101050.75
906468.5	1031246.5625	-2082178.0625
921388.1875	1056759.1875	-2062261.125
935543.3125	1081380.375	-2041316.5625
948896.5625	1105108.5	-2019361.5
961408.6875	1127947.4375	-1996406.3125
973045.375	1149901.0625	-1972460.625
983774.625	1170975.375	-1947539.9375
993567.1875	1191179	-1921659.3125
1002391.3125	1210523.6875	-1894828.25
1010221.625	1229022.8125	-1867055.3125
1017034.4375	1246690.5625	-1838355.4375
1022808.1875	1263543.5	-1808743.125
1027519.8125	1279603.6875	-1778224.1875
1031152.625	1294890.3125	-1746810.0625
1033691.8125	1309425.6875	-1714513.4375
1035123.4375	1323235.5	-1681348.25
1035433	1336347.0625	-1647321.0625
1034612.75	1348787.5	-1612440.8125
1032656.125	1360585.5	-1576720.8125
1029557	1371772.375	-1540176.8125
1025309.5625	1382382.6875	-1502814.25
1019913.5625	1392448.375	-1464642.125
1013370.6875	1402001.625	-1425676
1005682.3125	1411081.75	-1385929.625
996850.8125	1419725.1875	-1345412.375
986882.625	1427967.25	-1304133.75
975786.6875	1435845.8125	-1262109.1875
963571.3125	1443401.75	-1219355.25
950246.4375	1450673.625	-1175884
935824.25	1457700	-1131705.1875
920319.625	1464518.625	-1086838.3125
903747.3125	1471173.4375	-1041300.875
886124	1477702.75	-995108.1875
867465.875	1484143.5	-948274.5625
847792.5	1490536.8125	-900820.625
827124.9375	1496923.4375	-852766.375
805484.6875	1503338	-804134.0625
782891.375	1509819.625	-754939.8125
759368.3125	1516408.0625	-705207
734940.8125	1523136	-654962
709634.5	1530038.0625	-604229.9375
683470.5	1537152.25	-553031.5
656475.9375	1544508.875	-501395.875
628678.1875	1552137.5	-449352.8125
600105.6875	1560072.375	-396931.625
570781.375	1568341	-344160.375
540733.375	1576967.25	-291072.3125
509990.6875	1585979.9375	-237700.6875
478583.1875	1595403.375	-184081.375
446534.9375	1605255.375	-130249.375
413873.4375	1615557.875	-76240.25
380628.5	1626331.125	-22093.4375
346830.4375	1637586.875	32148.0625
312503.3125	1649339.125	86446.25
277673.6875	1661603.25	140759.6875
242370.5625	1674384.625	195041.8125
206623.625	1687689.25	249247.4375
170457.375	1701526.0625	303332.3125
133895.1875	1715894.625	357248.375
96965.1875	1730792.5625	410946.0625
59696.625	1746220.875	464376.375
22112.1875	1762173.875	517487.875
-15767.75	1778641.875	570230.0625
-53915.4375	1795616.25	622549.25
-92304.1875	1813086	674391.625
-130913.125	1831034.25	725702.875
-169723.875	1849443.25	776428.4375
-208710.375	1868296.3125	826511.875
-247849.625	1887569.5	875897.6875
-287121.375	1907237	924526.1875
-326508.5	1927275.3125	972342.625
-365989.4375	1947654.5625	1019288.875
-405543.4375	1968341	1065306.125
-445148.8125	1989305.0625	1110336.5
-484793.25	2010510.625	1154323.75
-524457.9375	2031918.125	1197207.375
-564121.9375	2053490.625	1238930.8125
-603765.5625	2075187.3125	1279436.5
-643379.375	2096963.8125	1318666.75
-682945.5	2118775.4375	1356564.875
-722444.1875	2140578.4375	1393075.125
-761857.8125	2162324.3125	1428143.3125
-801178.4375	2183960.5	1461713.375
-840387	2205442.25	1493732.5
-879467.1875	2226716.375	1524148.375
-918402.5625	2247728.0625	1552911
-957182.5625	2268425.25	1579969.625
-995790.875	2288755.6875	1605275.3125
-1034212.0625	2308663.3125	1628782.5
-1072429.6875	2328089.875	1650446.8125
-1110429.5625	2346982.0625	1670223.875
-1148199.25	2365285.125	1688072.5
-1185722.6875	2382939.3125	1703953.5
-1222981.125	2399887.1875	1717831.1875
-1259958.5625	2416077.3125	1729670.6875
-1296644.625	2431450.0625	1739437.125
-1333022	2445946.75	1747102.125
-1369067.6875	2459516.1875	1752640.3125
-1404765.875	2472102.625	1756025.3125
-1440106	2483649.125	1757233.75
-1475067.5	2494103	1756248.3125
-1509624.875	2503413.5625	1753053.3125
-1543761.6875	2511527.25	1747635.75
-1577466	2518393.5	1739983.625
-1610711.9375	2523963.25	1730090.5
-1643474.4375	2528189.875	1717954.5625
-1675733.875	2531027	1703575.8125
-1707475.5	2532426.875	1686953.5625
-1738669.25	2532350	1668096.125
-1769290.875	2530755.375	1647014.1875
-1799317.1875	2527600.4375	1623721.0625
-1828727.375	2522849.3125	1598231.3125
-1857491.375	2516469.5625	1570565.4375
-1885583.1875	2508424.9375	1540747.6875
-1912975.75	2498684.0625	1508807.4375
-1939642.375	2487221.875	1474771.8125
-1965555.25	2474009.8125	1438674.6875
-1990686.375	2459023.9375	1400555.125
-2014999.625	2442244.4375	1360457.4375
-2038467.625	2423651.8125	1318422.375
-2061066.625	2403230.125	1274495.625
-2082762.0625	2380966.0625	1228731
-2103516.1875	2356848.125	1181184.5625
-2123296.6875	2330869.125	1131915.75
-2142080.4375	2303023.5	1080980
-2159832	2273307.0625	1028442.0625
-2176514.3125	2241721.5625	974371
-2192091.6875	2208269.375	918840.3125
-2206535.25	2172955	861920.375
-2219813.5	2135788	803682.5
-2231890.5	2096777.5	744208.125
-2242733.125	2055937.9375	683579.9375
-2252301.9375	2013285.5625	621883.25
-2260570.5	1968838.8125	559198.875
-2267509.375	1922619.25	495613.5625
-2273082.1875	1874650.0625	431219.875
-2277250.625	1824958.375	366112.9375
-2279987.125	1773572.4375	300384.5
-2281268.6875	1720523.4375	234125.0625
-2281058.375	1665845.0625	167433.625
-2279326.5625	1609572.375	100409.875
-2276042.875	1551744	33156.1875
-2271184.125	1492399.125	-34232.375
-2264725.5	1431579.875	-101656.9375
-2256639.625	1369330.3125	-169012.8125
-2246901	1305695.8125	-236194.8125
-2235484.0625	1240724.125	-303101.0625
-2222375.875	1174463.75	-369635.0625
-2207556.5	1106965.5	-435691.4375
-2191004.25	1038281.625	-501167.25
-2172698.9375	968465.6875	-565956.5625
-2152632.1875	897572	-629961.4375
-2130795	825656.3125	-693086.3125
-2107172.3125	752776.0625	-755227.5
-2081755.375	678988.4375	-816283.5625
-2054535.5	604351.875	-876157
-2025515.125	528926.3125	-934758.4375
-1994693	452771.375	-991991.875
-1962066.6875	375947.125	-1047764.4375
-1927635.875	298514.6875	-1101981.5
-1891410.0625	220535.1875	-1154557
-1853401.1875	142069.1875	-1205411.9375
-1813616.9375	63178.5	-1254459.0625
-1772070.1875	-16075.5	-1301614.75
-1728773.5625	-95632.625	-1346799.75
-1683751.9375	-175431.4375	-1389945.8125
-1637028.625	-255411.25	-1430980.5625
-1588624.3125	-335513.1875	-1469833.9375
-1538563.9375	-415676.9375	-1506437.1875
-1486879.25	-495843.5625	-1540728.8125
-1433607.75	-575956.3125	-1572658.6875
-1378783.125	-655956.875	-1602169.25
-1322443	-735789.0625	-1629206.8125
-1264624.9375	-815398.6875	-1653721.9375
-1205378.5625	-894730.5625	-1675680.75
-1144753.375	-973731.3125	-1695043
-1082795.0625	-1052350.4375	-1711771.6875
-1019555.125	-1130536.5	-1725836.75
-955089.0625	-1208239.75	-1737212.25
-889458.9375	-1285414.375	-1745880.125
-822724.25	-1362012.625	-1751824
-754947	-1437989.125	-1755032.8125
-686189.375	-1513301.75	-1755490.625
-616522.25	-1587909	-1753197.875
-546019.5625	-1661769.625	-1748163.3125
-474750.875	-1734845.375	-1740390.5625
-402788.875	-1807100.8125	-1729882.625
-330209.25	-1878499.75	-1716654.125
-257095.4375	-1949008.25	-1700734.5625
-183527.625	-2018595.9375	-1682147.4375
-109586	-2087232.625	-1660914
-35351.6875	-2154889.5625	-1637065.0625
39087.875	-2221539.875	-1610644.25
113642.4375	-2287160.75	-1581696.375
188226.9375	-2351727.1875	-1550260.4375
262753.5625	-2415217.1875	-1516387.125
337134.0625	-2477612.9375	-1480129.375
411274	-2538896	-1441547.125
485081.375	-2599048.5625	-1400704.4375
558466.8125	-2658055.0625	-1357665.5625
631339.5	-2715905.25	-1312495.1875
703606.625	-2772584.1875	-1265263
775172.5625	-2828081.125	-1216055
845946.8125	-2882388.125	-1164948.625
915837.8125	-2935498.875	-1112021.5
984756.6875	-2987403.25	-1057351.75
1052610.25	-3038095.75	-1001036.125
1119306.0625	-3087576.375	-943170.9375
1184757.5625	-3135839.1875	-883838.9375
1248878	-3182880.5	-823132.5625
1311581.4375	-3228699.8125	-761150.875
1372778.625	-3273302.5625	-698002.875
1432387.4375	-3316682	-633780.1875
1490327.375	-3358838.9375	-568584.6875
1546519.8125	-3399778.8125	-502516.625
1600884.625	-3439508.625	-435688.25
1653345.375	-3478023.3125	-368204.4375
1703831.375	-3515325.5	-300167.1875
1752271.0625	-3551425.1875	-231683.3125
1798597.4375	-3586328.5	-162860.375
1842744.0625	-3620031.8125	-93808.125
1884648.5	-3652541.9375	-24634.0625
1924252.5	-3683866	44555.3125
1961501.25	-3714011	113656.1875
1996341.1875	-3742976.3125	182563.3125
2028722.3125	-3770766.25	251164.5625
2058600.25	-3797387.4375	319358.4375
2085932.6875	-3822848.875	387041
2110682.375	-3847146.8125	454118.1875
2132814.125	-3870284.875	520482.5
2152297	-3892269.5625	586031.5625
2169106	-3913106.25	650670.1875
2183217.8125	-3932792.0625	714311
2194614.625	-3951327.3125	776860.25
2203282.5	-3968715.3125	838218.3125
2209211	-3984961.9375	898298.8125
2212395.1875	-4000060.125	957021.0625
2212833.25	-4014007.3125	1014307.625
2210528.25	-4026805.875	1070070.8125
2205488.375	-4038456.5625	1124228.4375
2197724.625	-4048951.625	1176714.1875
2187252.125	-4058285.0625	1227460.9375
2174092.0625	-4066454.5625	1276400
2158269.0625	-4073460.0625	1323459.25
2139812.25	-4079290.125	1368582.125
2118754.375	-4083934.75	1411714.875
2095130.9375	-4087390.0625	1452807.1875
2068985.0625	-4089651.3125	1491804.1875
2040363.1875	-4090705.625	1528656.6875
2009313.8125	-4090539.1875	1563328.5
1975888.875	-4089147.625	1595781.4375
1940145.5	-4086517.375	1625983.6875
1902146.875	-4082636.9375	1653898.625
1861957.6875	-4077494.25	1679500.0625
1819645.3125	-4071075.8125	1702768.125
1775278.6875	-4063369.25	1723687.6875
1728934.8125	-4054359.75	1742241.375
1680694.25	-4044034.125	1758413.625
1630636.6875	-4032377.3125	1772201.1875
1578844.625	-4019375.0625	1783602.125
1525403.6875	-4005012.25	1792619.5625
1470406.9375	-3989273.9375	1799253.125
1413947.3125	-3972145.5	1803510
1356117.625	-3953610	1805405.4375
1297010.9375	-3933655.5	1804955.9375
1236729.125	-3912265.375	1802178.375
1175375.125	-3889424.3125	1797094.125
1113047.75	-3865119.625	1789730.25
1049848.4375	-3839337.4375	1780117.5
985885.875	-3812063.0625	1768286.125
921266.8125	-3783283.5	1754270.5625
856095.375	-3752989.5625	1738110.9375
790478	-3721167.5	1719849.0625
724526.5625	-3687804.625	1699527.0625
658348.875	-3652894.6875	1677191.625
592052.9375	-3616429.0625	1652893.4375
525745.9375	-3578395.9375	1626683.4375
459538.1875	-3538791.875	1598615.0625
393539.3125	-3497612.0625	1568745
327856.4375	-3454849.9375	1537131
262591.8125	-3410503.125	1503833.3125
197855.8125	-3364571.75	1468914.0625
133754.8125	-3317055.3125	1432436.8125
70389.625	-3267953.6875	1394465.3125
7858.1875	-3217272.375	1355067.375
-53732.9375	-3165016.0625	1314311.3125
-114284.875	-3111189.9375	1272264.25
-173705.625	-3055803.625	1228996.25
-231902.5	-2998867.625	1184579.0625
-288776.9375	-2940393.4375	1139084.3125
-344242.4375	-2880395.5	1092582.0625
-398214.625	-2818890.4375	1045146.125
-450609.625	-2755895.5	996850.25
-501341.3125	-2691430.125	947765.875
-550336.375	-2625519.125	897966.5
-597520.5625	-2558185.4375	847526.25
-642822.375	-2489454.25	796517.5
-686169.625	-2419354	745012.125
-727502.5625	-2347917.875	693083.8125
-766760.8125	-2275177.375	640805.1875
-803886.9375	-2201164.6875	588244.5625
-838824.3125	-2125918.375	535474.875
-871528.1875	-2049479.375	482567.0625
-901954.0625	-1971886.6875	429588.5
-930059.625	-1893181	376605.1875
-955805.5	-1813409.9375	323687.875
-979163.25	-1732621.0625	270902.8125
-1000104.5625	-1650861.125	218310.6875
-1018601.4375	-1568179.1875	165976.75
-1034636.875	-1484630.375	113965.625
-1048197.4375	-1400268.4375	62335.5625
-1059270.75	-1315147.4375	11143.9375
-1067845.125	-1229323.5	-39547.8125
-1073924.75	-1142858.25	-89683.5
-1077512.1875	-1055810.75	-139212.8125
-1078608.1875	-968241.0625	-188079.625
-1077223.1875	-880211.3125	-236231.0625
-1073378.8125	-791787.9375	-283621.125
-1067090.1875	-703034.3125	-330201.6875
-1058376.6875	-614014.9375	-375924.125
-1047267.9375	-524796.4375	-420744.6875
-1033799.625	-435448.4375	-464624.5
-1018001	-346037.0625	-507518.4375
-999910.5	-256629.5	-549388.6875
-979573.8125	-167295.125	-590200.75
-957037.1875	-78104.4375	-629915.8125
-932348.625	10874.75	-668501.3125
-905560.75	99574.375	-705927.625
-876730.5625	187924.875	-742162.125
-845919.3125	275856.1875	-777176.875
-813189.1875	363301.375	-810946.5625
-778603.0625	450193.5625	-843446.0625
-742230.375	536464.1875	-874650.875
-704145.3125	622046.5625	-904539.9375
-664420.5	706876.0625	-933095.375
-623125.875	790888.875	-960295.875
-580345.375	874020.5625	-986124.8125
-536161	956208.625	-1010570.125
-490650.4375	1037393.3125	-1033614.8125
-443894.875	1117516	-1055245.8125
-395986.25	1196517.5	-1075455.25
-347010.3125	1274342.8125	-1094231.75
-297050.375	1350937.8125	-1111565.4375
-246196.125	1426251.0625	-1127450.9375
-194543.25	1500231.6875	-1141883.0625
-142177.8125	1572831.75	-1154854.5625
-89190.125	1644006.5	-1166362.6875
-35672.8125	1713712.5625	-1176406.875
18279.5	1781908.3125	-1184983.5
72578.3125	1848556.125	-1192090.125
127131.875	1913620.125	-1197730.9375
181845.875	1977067.375	-1201910.4375
236630.25	2038867.5	-1204622.25
291396.75	2098992.5	-1205872
346055.6875	2157418.0625	-1205665.625
400514.0625	2214123.8125	-1204010.25
454684.5	2269088.3125	-1200908.6875
508484.375	2322296.4375	-1196363.625
561828.1875	2373736.375	-1190383.625
614627.25	2423398.5	-1182980.9375
666799.125	2471273.8125	-1174163.1875
718268	2517359.625	-1163931.4375
768954.8125	2561656.5	-1152297.75
818778	2604166	-1139277.25
867662.0625	2644892.125	-1124881.8125
915539.0625	2683844.25	-1109113.0625
962338.875	2721034.9375	-1091984.1875
1007988.375	2756477.3125	-1073513.375
1052421.4375	2790188.125	-1053716
1095578.75	2822188.3125	-1032595.5625
1137400.5	2852501.6875	-1010165.5625
1177823.8125	2881152.5625	-986447.1875
1216793.375	2908169.75	-961458.25
1254259.625	2933585	-935205.4375
1290173.625	2957432.125	-907703.0625
1324483.625	2979746.125	-878974.625
1357146.9375	3000566.3125	-849039.5625
1388124	3019934.25	-817909.1875
1417377.125	3037892	-785599
1444866.75	3054484.875	-752134.75
1470562.5625	3069760.25	-717536.8125
1494436.5	3083767.8125	-681822.5
1516461.3125	3096556.875	-645009.625
1536610.625	3108181	-607124.3125
1554865.875	3118694.1875	-568189.4375
1571210.9375	3128151.6875	-528228.625
1585628.875	3136608.5625	-487263.25
1598106.1875	3144124.5625	-445319.125
1608635.25	3150758.5625	-402422.625
1617212.125	3156568	-358603.6875
1623830.0625	3161613	-313888.125
1628487.25	3165956.5625	-268302
1631187.125	3169659.6875	-221877.25
1631935.3125	3172780.5625	-174646.375
1630736.25	3175382.25	-126640.75
1627599.1875	3177527.625	-77893
1622537.375	3179277.6875	-28436.5
1615564.375	3180690.1875	21692
1606695.25	3181827.6875	72455.5
1595949.625	3182749.9375	123816.5625
1583348.375	3183515.625	175738.0625
1568912.9375	3184181.375	228177.4375
1552668.25	3184805.25	281092.75
1534641.5625	3185442.8125	334442.3125
1514860	3186147.6875	388184.0625
1493353.5625	3186972.5625	442268.3125
1470154.875	3187968.3125	496649.625
1445295.6875	3189184.375	551282.9375
1418810.8125	3190669.25	606117.4375
1390736.875	3192466.3125	661099.6875
1361110.3125	3194618.8125	716180.3125
1329968.8125	3197169.25	771308.5
1297353.1875	3200156.6875	826426.5
1263303.75	3203614.5625	881478.25
1227860.1875	3207576.3125	936409.6875
1191066.125	3212077.5	991163.3125
1152965.5625	3217142.625	1045676.4375
1113599.75	3222795.8125	1099891.3125
1073014	3229061.375	1153747.25
1031255.1875	3235962.5625	1207182.125
988366.4375	3243509.9375	1260130.375
944392.875	3251716.875	1312530
899383.25	3260599.375	1364316.6875
853383.375	3270163	1415424.125
806437.625	3280407	1465784.625
758594.375	3291334.4375	1515332.5625
709902.75	3302948.75	1564001.5625
660406	3315238.75	1611722.1875
610151.8125	3328192.75	1658425.125
559190.25	3341804.4375	1704043.375
507565.4375	3356060.125	1748509.125
455323.3125	3370934.6875	1791750.75
402512.75	3386407.8125	1833700.125
349180.375	3402460.375	1874289.5
295369.75	3419062.3125	1913450.5
241126.8125	3436176.6875	1951112.3125
186503.1875	3453775.75	1987208.625
131538.625	3471824.4375	2021673.125
76276.0625	3490279	2054438.125
20763.125	3509095	2085436.125
-34950.3125	3528233.0625	2114604.125
-90826.625	3547645.3125	2141878.5625
-146825.3125	3567276.125	2167194.875
-202897.5	3587076.25	2190491.0625
-258997.375	3606992.0625	2211708.8125
-315087.875	3626966.1875	2230789.6875
-371129.125	3646935.75	2247674.0625
-427074.0625	3666843.6875	2262307.4375
-482879.9375	3686627.0625	2274638.375
-538509.5625	3706219.5	2284615.0625
-593923.25	3725554.5	2292185.5
-649078	3744566.1875	2297304.4375
-703933.0625	3763185.625	2299929
-758448.375	3781342.0625	2300016.1875
-812587.6875	3798964.3125	2297524.125
-866310.75	3815981.125	2292417.875
-919577.6875	3832320.3125	2284665.125
-972345.5625	3847909.25	2274234.125
-1024583.1875	3862672.9375	2261094.8125
-1076251.8125	3876537.6875	2245224
-1127309.75	3889432.9375	2226601.8125
-1177715.5625	3901282.6875	2205209.5
-1227439.75	3912012.8125	2181030.6875
-1276444.9375	3921550.9375	2154055.25
-1324687.5	3929828.25	2124276.875
-1372129.3125	3936768.0625	2091692.0625
-1418741.3125	3942300.0625	2056298.875
-1464484.3125	3946357.5	2018101.625
-1509317.5625	3948872	1977108.875
-1553203.3125	3949771.75	1933333.4375
-1596112.0625	3948991.875	1886788.9375
-1638003.875	3946473.3125	1837494.6875
-1678841.75	3942149.125	1785475.375
-1718588.4375	3935956.1875	1730760.625
-1757210.125	3927838.8125	1673380.1875
-1794671.375	3917743.5	1613369
-1830936.0625	3905610.125	1550768.5625
-1865966.8125	3891386.3125	1485625.0625
-1899727	3875026.875	1417984.75
-1932187	3856484.25	1347898.4375
-1963310.75	3835708.5625	1275424.25
-1993058.6875	3812661	1200624.5625
-2021396.5	3787305.5	1123562.25
-2048297.1875	3759603.625	1044303.375
-2073724.8125	3729518.8125	962922.4375
-2097639.5625	3697024.875	879496.75
-2120010.9375	3662096.4375	794105.3125
-2140813.875	3624705.75	706829.125
-2160011	3584832	617757.1875
-2177567.625	3542460.25	526980.9375
-2193454.625	3497577.625	434594.5
-2207648.375	3450168.9375	340692.5
-2220113.125	3400228.5625	245376.4375
-2230820.375	3347753.9375	148750.5625
-2239742.9375	3292744.125	50922.375
-2246856.5	3235198.8125	-48001.4375
-2252133	3175125.9375	-147909.25
-2255547.8125	3112536.3125	-248685.9375
-2257075.625	3047441.1875	-350212.3125
-2256694.9375	2979854.6875	-452372.4375
-2254386.125	2909798.125	-555046.375
-2250129.125	2837295.1875	-658111.0625
-2243899.75	2762369.4375	-761437.8125
-2235684.375	2685049.25	-864904.1875
-2225470.125	2605368.0625	-968384.875
-2213241.4375	2523361.875	-1071750.9375
-2198979.375	2439066	-1174867.75
-2182678.375	2352522.0625	-1277609
-2164333.5625	2263775.1875	-1379847.4375
-2143932.8125	2172871.8125	-1481450
-2121467.6875	2079858.8125	-1582280.3125
-2096939.5	1984790.3125	-1682211.8125
-2070350.875	1887719.75	-1781116.625
-2041696.9375	1788703.3125	-1878861.375
-2010980.625	1687800.8125	-1975313.875
-1978210.5	1585073.6875	-2070347.25
-1943396.125	1480584.1875	-2163837.3125
-1906544.75	1374397.875	-2255654.875
-1867669.25	1266582.8125	-2345673.25
-1826785.1875	1157207.6875	-2433769.5
-1783912.5625	1046342	-2519826.75
-1739070.75	934059.0625	-2603723.375
-1692282.8125	820433.0625	-2685340.8125
-1643571.75	705537.5	-2764563.9375
-1592970.5625	589448.9375	-2841285.8125
-1540510.1875	472245.625	-2915396.5625
-1486223.1875	354005.125	-2986788
-1430143.0625	234805.5625	-3055356.375
-1372314.6875	114727.625	-3121008.25
-1312781.1875	-6147.3125	-3183646.3125
-1251584.375	-127740.125	-3243178.4375
-1188770.25	-249969.5	-3299514.125
-1124394.6875	-372752.1875	-3352574.5
-1058511.5625	-496007.3125	-3402281.5625
-991174.0625	-619654.75	-3448557.5
-922439.875	-743611.125	-3491329.9375
-852375.125	-867794.1875	-3530537.9375
-781044.1875	-992125	-3566121.125
-708512.375	-1116522.0625	-3598022.875
-634847.8125	-1240903.6875	-3626188.5625
-560125.4375	-1365190.6875	-3650576.0625
-484420.9375	-1489305.75	-3671148.9375
-407809.875	-1613168.875	-3687867.6875
-330370.375	-1736701.1875	-3700701.0625
-252184.875	-1859829.375	-3709627.375
-173340.125	-1982476.375	-3714630.8125
-93920.0625	-2104566.5	-3715696.4375
-14011.125	-2226027.375	-3712813.8125
66296.6875	-2346788	-3705981.125
146908.5625	-2466776.5625	-3695208.75
227733	-2585921.625	-3680502.5625
308676.9375	-2704157.9375	-3661873.875
389644.625	-2821418.625	-3639345.3125
470534.8125	-2937635.9375	-3612948
551250.75	-3052747.1875	-3582709.8125
631694.4375	-3166692.6875	-3548667.8125
711766.0625	-3279409.4375	-3510863.0625
791361.0625	-3390836.6875	-3469348.375
870379	-3500921.5625	-3424177.4375
948719	-3609606.375	-3375405.875
1026280.0625	-3716834.8125	-3323094.6875
1102956.5625	-3822557.25	-3267320.5625
1178646.4375	-3926723.625	-3208155.5625
1253249.1875	-4029282.8125	-3145675.6875
1326664.5	-4130187.4375	-3079963.1875
1398788.4375	-4229394.3125	-3011110.3125
1469520.375	-4326857.875	-2939209.5625
1538762.5625	-4422535.1875	-2864357.1875
1606417.625	-4516386.25	-2786649.125
1672386.4375	-4608373.125	-2706194.5625
1736572.6875	-4698457.9375	-2623105.75
1798883.9375	-4786602.1875	-2537490.5625
1859228.375	-4872774.8125	-2449460.5
1917514.625	-4956943.625	-2359140.5625
1973653.6875	-5039073.9375	-2266654.6875
2027560.375	-5119136.3125	-2172121.8125
2079151.8125	-5197105.1875	-2075668.375
2128346.9375	-5272953.25	-1977427.8125
2175066.25	-5346649.8125	-1877532.6875
2219234.75	-5418175.25	-1776114.5625
2260781.375	-5487506.9375	-1673308.125
2299637.6875	-5554618.9375	-1569249.5
2335735.625	-5619491.0625	-1464081.125
2369013.75	-5682106.5625	-1357940.6875
2399414.9375	-5742445.75	-1250966.9375
2426884.1875	-5800487.9375	-1143296.8125
2451369	-5856218.9375	-1035079
2472823.6875	-5909623.875	-926452.875
2491205.3125	-5960686.125	-817555.625
2506475.25	-6009390.875	-708528.6875
2518599.1875	-6055726.3125	-599515.5625
2527547.125	-6099681.6875	-490654.3125
2533293.9375	-6141240.75	-382079.375
2535818.6875	-6180394.1875	-273932.6875
2535104.75	-6217135	-166349.6875
2531141.1875	-6251448.625	-59460.625
2523921.0625	-6283326.25	46599.9375
2513441.8125	-6312762.1875	151700.375
2499707.125	-6339746.5625	255715
2482724.125	-6364269.4375	358519.5625
2462505.25	-6386325.75	459988.125
2439068.5625	-6405909.6875	560001.3125
2412435.5	-6423012.0625	658445.375
2382633.8125	-6437627.1875	755202.9375
2349695.9375	-6449751.25	850163.875
2313657.625	-6459378.875	943223.125
2274561.5	-6466501.875	1034276.3125
2232454.1875	-6471118.5	1123222.1875
2187386.125	-6473224.5	1209966.9375
2139413.75	-6472814.6875	1294418.6875
2088597.625	-6469887.1875	1376487.375
2035002.8125	-6464437.3125	1456091.3125
1978698.125	-6456463.5625	1533152.0625
1919758.25	-6445963.1875	1607592.375
1858261.3125	-6432934.125	1679342.75
1794288.5	-6417376	1748338.5625
1727927.375	-6399286.375	1814517.25
1659267.8125	-6378666.5	1877821.3125
1588403.625	-6355515.1875	1938200.5625
1515432.125	-6329833.75	1995607.4375
1440455.6875	-6301623.8125	2049997.625
1363579	-6270886.3125	2101333.625
1284906.9375	-6237625.25	2149585.8125
1204552.75	-6201842.625	2194723.6875
1122631.625	-6163543.5625	2236720.4375
1039258.5625	-6122732.625	2275560.25
954550.5625	-6079415.5	2311230.3125
868629.375	-6033599.8125	2343721.0625
781622.9375	-5985291.0625	2373023.75
693652.875	-5934500.0625	2399140.125
604846.0625	-5881238	2422075.6875
515331.0625	-5825511.375	2441839.8125
425240.75	-5767334.4375	2458442.375
334705.5625	-5706722.6875	2471901.5625
243857.625	-5643688.5	2482239.9375
152826.625	-5578246.25	2489484.125
61749.125	-5510416.375	2493662.0625
-29238.6875	-5440217.75	2494807.0625
-120004.25	-5367667.3125	2492956.875
-210419.25	-5292789.625	2488154.125
-300346.125	-5215608.5625	2480443.1875
-389647.1875	-5136147.5	2469870.375
-478195.5625	-5054433.5	2456487.875
-565862.0625	-4970496	2440351.5
-652514.75	-4884365.375	2421520.0625
-738021	-4796072.625	2400051.1875
-822257.1875	-4705652.8125	2376009.6875
-905098.6875	-4613141.625	2349463.0625
-986425.0625	-4518576.875	2320480.1875
-1066110.4375	-4421998.1875	2289130.1875
-1144036.125	-4323447.375	2255487.375
-1220087.9375	-4222968.5	2219629
-1294159.25	-4120607.5	2181630.3125
-1366132.9375	-4016411.4375	2141571.25
-1435899.5	-3910430.375	2099533.8125
-1503360.625	-3802717.4375	2055600.3125
-1568421	-3693325.375	2009852.4375
-1630978.3125	-3582309.25	1962377.0625
-1690935.8125	-3469728.1875	1913262.0625
-1748213.25	-3355643.5625	1862591.875
-1802727.25	-3240115.5625	1810454.125
-1854395.5	-3123207.4375	1756939.25
-1903137.125	-3004986	1702137.1875
-1948887.75	-2885520.125	1646134.875
-1991581.375	-2764878.125	1589021.75
-2031156.875	-2643130.875	1530891.6875
-2067552.875	-2520352.5	1471833.1875
-2100720.625	-2396617.9375	1411932.625
-2130614.0625	-2272003.375	1351282.0625
-2157194.1875	-2146585.5625	1289971.625
-2180421.6875	-2020446.125	1228091.375
-2200263.9375	-1893665.625	1165725.4375
-2216696.875	-1766325.5	1102963.1875
-2229702.625	-1638508.25	1039891.5
-2239266.6875	-1510301.1875	976598.875
-2245372.8125	-1381789.25	913167.1875
-2248019.8125	-1253058.125	849680.1875
-2247210.1875	-1124194.6875	786220.6875
-2242954.875	-995289.875	722873.5625
-2235256.125	-866431.625	659717.1875
-2224132.6875	-737708.25	596828.625
-2209608.9375	-609209.5	534286.0625
-2191719.625	-481027.625	472167.9375
-2170487.0625	-353251.875	410548.4375
-2145947.8125	-225971.5625	349497.6875
-2118147.875	-99277.3125	289088.3125
-2087143.75	26739.625	229390.25
-2052978.3125	151990.6875	170472.9375
-2015704.125	276387.3125	112399.5625
-1975388.5	399840.375	55235.8125
-1932105.375	522261.6875	-956.9375
-1885918.9375	643565.5625	-56115.6875
-1836895.8125	763666.375	-110183.25
-1785122.9375	882478.9375	-163103.25
-1730687.875	999919.75	-214821.25
-1673675.0625	1115909	-265282.4375
-1614164.8125	1230365.8125	-314435.6875
-1552258.5	1343210.8125	-362233.5
-1488056.5	1454368	-408628.75
-1421659.4375	1563765.125	-453575.3125
-1353161.0625	1671328.6875	-497028.9375
-1282673	1776987.1875	-538949.625
-1210306.0625	1880673.9375	-579297.875
-1136172.875	1982326.3125	-618036.625
-1060379.6875	2081880.75	-655128.5625
-983044.4375	2179275.0625	-690540.75
-904286	2274454.3125	-724241.25
-824224.3125	2367366.6875	-756201.4375
-742976	2457960.75	-786391.6875
-660662.4375	2546185.9375	-814784.9375
-577407.375	2631999.9375	-841357.875
-493333.875	2715363.4375	-866088.375
-408565.9375	2796239	-888955.1875
-323226.375	2874589.1875	-909937.4375
-237439.4375	2950385.3125	-929019.3125
-151328.625	3023601.625	-946185.375
-65019.125	3094216.375	-961418.625
21364.8125	3162206.4375	-974708.875
107701.5	3227557.1875	-986047.25
193869.875	3290257.6875	-995424.9375
279748	3350302.1875	-1002827.1875
365214.4375	3407683.4375	-1008253
450151.6875	3462400.3125	-1011702.125
534444.875	3514457.75	-1013169.875
617977.3125	3563866	-1012646.875
700633.5	3610634.0625	-1010139.4375
782303.375	3654774.5	-1005655.75
862880.9375	3696308.25	-999192.6875
942256.125	3735260.5625	-990751
1020323.6875	3771656.9375	-980341
1096983.4375	3805523.625	-967977.1875
1172139.625	3836896.3125	-953661.125
1245691.4375	3865814.875	-937403.5625
1317546.1875	3892320.4375	-919218
1387616.375	3916452.5625	-899122.5
1455816.6875	3938260.125	-877128
1522059.0625	3957796.75	-853251.625
1586265.0625	3975117.5	-827511.25
1648360.6875	3990274.625	-799927.5625
1708272.8125	4003328.5	-770522.9375
1765928.3125	4014344.6875	-739320.0625
1821263.875	4023390.4375	-706339.125
1874219.6875	4030529.4375	-671607
1924736.375	4035831.125	-635155.25
1972757.3125	4039372.0625	-597011.875
2018234.0625	4041228.0625	-557200.625
2061121.875	4041472.875	-515755.6875
2101376.625	4040183.5	-472716.625
2138958.125	4037444	-428115
2173832.875	4033336.8125	-381981.8125
2205971.9375	4027943.375	-334357.5
2235346.5625	4021346.375	-285288.3125
2261932.5625	4013633.6875	-234810.375
2285712	4004891.8125	-182964
2306671.0625	3995207.5625	-129794.0625
2324796.375	3984667	-75352.375
2340079.0625	3973358.4375	-19682.25
2352516.5	3961369.625	37167.3125
2362109.75	3948790.1875	95146.5
2368859.4375	3935706.875	154199.9375
2372772	3922204.875	214274
2373859.0625	3908371.125	275313.4375
2372134.875	3894294.75	337262.625
2367613.625	3880060	400062.4375
2360316.375	3865746.125	463648.5625
2350268.0625	3851436.75	527960.25
2337493.8125	3837217.875	592937
2322021.4375	3823167.75	658513.5625
2303884.5	3809357.4375	724617.5625
2283119.5625	3795864.8125	791182.625
2259761.5625	3782768.6875	858142.5625
2233851.0625	3770138.6875	925426.375
2205432.5	3758036.5	992955.375
2174551.875	3746531.75	1060656.75
2141253.1875	3735691.3125	1128459.375
2105587.4375	3725575.6875	1196287
2067608.25	3716234.9375	1264056.125
2027369.8125	3707728	1331687.625
1984924.25	3700106.4375	1399105.3125
1940330.4375	3693419.125	1466228.8125
1893649.625	3687706	1532971.4375
1844943.125	3683009.5	1599248.125
1794268.875	3679367.625	1664979.75
1741692.3125	3676811.5	1730079.875
1687281.0625	3675371.625	1794460.375
1631101	3675074.375	1858035.375
1573214.9375	3675940.375	1920720.5625
1513693.4375	3677984.3125	1982425.75
1452608.8125	3681224.0625	2043062.875
1390029.625	3685668	2102545.0625
1326022.25	3691318.0625	2160784.375
1260661.4375	3698176.75	2217690.9375
1194021.6875	3706243.9375	2273177.3125
1126173.75	3715509.9375	2327155.625
1057186.5625	3725961.9375	2379537.375
987136.375	3737586.25	2430235.375
916098.8125	3750363.75	2479163.625
844146.9375	3764269.1875	2526234.1875
771349.875	3779274.625	2571362.6875
697784.5625	3795350.5	2614465
623527.5	3812459.125	2655456.6875
548650.5625	3830560.25	2694255.375
473224.25	3849613.4375	2730781
397324.375	3869569.375	2764953.3125
321027.5625	3890377.0625	2796694.0625
244404.25	3911983.6875	2825927.75
167523.75	3934331.5625	2852579.8125
90462	3957358.25	2876576.75
13292.8125	3981000.125	2897849.6875
-63913.8125	4005191.9375	2916330.625
-141090.375	4029860.5	2931952.5
-218163.4375	4054933.875	2944652.875
-295059.4375	4080338.5625	2954372.875
-371712.5625	4105993.3125	2961053.4375
-448055.75	4131818.6875	2964639.4375
-524017.875	4157733.9375	2965080.4375
-599530.25	4183650.4375	2962328.5625
-674525.8125	4209484.1875	2956337.5
-748941.4375	4235147.9375	2947065.8125
-822710.875	4260549.5	2934476.125
-895764.375	4285596.8125	2918534.3125
-968039.625	4310201.25	2899209.3125
-1039477.1875	4334268.1875	2876474.1875
-1110012.875	4357699.5625	2850306.125
-1179577.625	4380405.375	2820688.25
-1248115.875	4402290.4375	2787605.0625
-1315570.8125	4423254.9375	2751045.25
-1381877.875	4443205.875	2711004.125
-1446974.125	4462050.5625	2667482
-1510807.9375	4479690.3125	2620480
-1573324	4496029.375	2570005.25
-1634459.875	4510978.625	2516071.25
-1694159.25	4524442.9375	2458696.4375
-1752373.9375	4536327.0625	2397900.25
-1809047.875	4546544.25	2333709
-1864126.125	4555005.6875	2266154.875
-1917556.1875	4561619.8125	2195275.25
-1969291.6875	4566301.8125	2121108.6875
-2019279.9375	4568970.875	2043700.875
-2067472.1875	4569541.25	1963102.875
-2113819.9375	4567932.625	1879371.875
-2158277.25	4564071.125	1792565.1875
-2200799.375	4557879.3125	1702747.5
-2241341.9375	4549283.875	1609989.5625
-2279857.9375	4538217.5625	1514367.0625
-2316307.375	4524614.375	1415956.1875
-2350651.25	4508407.375	1314840.4375
-2382849.5625	4489537	1211109.0625
-2412857.25	4467949.875	1104855.5625
-2440643.5	4443589.0625	996174.125
-2466174.25	4416402.8125	885166.1875
-2489411.0625	4386346.9375	771937.75
-2510317.3125	4353380.0625	656599.5
-2528868.5	4317458.625	539262.25
-2545035.375	4278548	420043.0625
-2558783.25	4236619.5	299063.5
-2570085.75	4191643.8125	176449.9375
-2578924.75	4143594.5625	52327.0625
-2585273.1875	4092454	-73173.8125
-2589106.875	4038208.375	-199917.875
-2590407	3980842.6875	-327765.4375
-2589161	3920349	-456580.375
-2585348.1875	3856725.9375	-586220.0625
-2578955	3789974.3125	-716537.875
-2569970.5625	3720095.25	-847384.375
-2558386.625	3647099	-978614.6875
-2544194.5	3570999.9375	-1110077.75
-2527389.3125	3491813.125	-1241617.875
-2507966.875	3409557.625	-1373079.5625
-2485928.5	3324259.375	-1504312.125
-2461276.25	3235948.375	-1635158.75
-2434014.5	3144654.25	-1765458.25
-2404146.125	3050413.0625	-1895053.125
-2371685.625	2953266	-2023790.1875
-2336645.0625	2853256.875	-2151509.25
-2299036.25	2750429.875	-2278048.4375
-2258874.75	2644837.375	-2403251.875
-2216186.25	2536532.6875	-2526965.8125
-2170993	2425573.25	-2649031.625
-2123316	2312018.5625	-2769292.25
-2073185.0625	2195932.5	-2887594
-2020637.0625	2077381.9375	-3003788
-1965703.5625	1956435.3125	-3117722.25
-1908418.5625	1833164.6875	-3229245.5625
-1848821.5625	1707645.75	-3338208.9375
-1786962.875	1579955.5625	-3444475
-1722886.9375	1450172.8125	-3547902.9375
-1656641.125	1318380.5	-3648351.4375
-1588275.75	1184663.5625	-3745681.1875
-1517845.8125	1049107	-3839762.25
-1445415.375	911799.25	-3930472.5
-1371044.25	772831.5	-4017685.0625
-1294795.4375	632294.8125	-4101276.75
-1216730.4375	490281.75	-4181127.75
-1136924.875	346887.875	-4257131.125
-1055457	202210.1875	-4329183.4375
-972396.5625	56343.875	-4397178.375
-887821.1875	-90612	-4461015.6875
-801811.5625	-238557.4375	-4520600.9375
-714457.0625	-387393.125	-4575854.625
-625844.375	-537019.5625	-4626694.375
-536060.625	-687334.625	-4673041.8125
-445195.5	-838235.8125	-4714822.3125
-353343.5	-989623.625	-4751972.4375
-260606.9375	-1141395.4375	-4784441.875
-167083.0625	-1293447.5	-4812173.875
-72871.4375	-1445679.5625	-4835120.9375
21928.8125	-1597990.9375	-4853239.0625
117208.125	-1750278.1875	-4866498.875
212855.375	-1902440.0625	-4874879.1875
308766.5	-2054378.6875	-4878354.375
404832.125	-2205992.375	-4876907.5
500941.625	-2357180.875	-4870530.25
596977.25	-2507847.625	-4859228.375
692824.1875	-2657895.1875	-4843008.0625
788369.3125	-2807226.3125	-4821881.1875
883498.6875	-2955744.375	-4795860.625
978094.5	-3103357.25	-4764972.625
1072034.3125	-3249970.875	-4729259.875
1165201.875	-3395492.625	-4688759.5
1257479.9375	-3539832.5625	-4643511.4375
1348753.0625	-3682902.0625	-4593564.625
1438899.375	-3824613.0625	-4538986.1875
1527797.375	-3964878.5	-4479844.0625
1615332.625	-4103615.375	-4416202.625
1701388.8125	-4240740	-4348139.875
1785850.875	-4376170.5625	-4275738.25
1868598.75	-4509827.8125	-4199090.6875
1949517.8125	-4641634.25	-4118295.5
2028497.125	-4771513.375	-4033452.25
2105426.6875	-4899390.375	-3944660.125
2180195.625	-5025193.4375	-3852031.875
2252692.25	-5148851.6875	-3755694.75
2322812.4375	-5270295.8125	-3655768.0625
2390452.375	-5389459.0625	-3552372.6875
2455513	-5506276.25	-3445636.75
2517893.5	-5620684.125	-3335704.1875
2577494.5625	-5732621.25	-3222717.9375
2634225.3125	-5842027.9375	-3106815
2687996.75	-5948846.6875	-2988143.4375
2738722.9375	-6053021.75	-2866852.375
2786316.6875	-6154498.875	-2743100.6875
2830698.0625	-6253226.1875	-2617048.6875
2871793.1875	-6349153.5625	-2488854.75
2909529.8125	-6442232.75	-2358674.125
2943839.3125	-6532416.5	-2226673.3125
2974655.875	-6619660.3125	-2093029.375
3001920.625	-6703922.0625	-1957908.0625
3025577.8125	-6785159.1875	-1821474.25
3045578.625	-6863332.75	-1683896.3125
3061876.0625	-6938405.5625	-1545353.3125
3074426.5625	-7010340.8125	-1406022.125
3083195.625	-7079104.125	-1266070.9375
3088152.0625	-7144663.8125	-1125672.625
3089269.625	-7206987.875	-984995.9375
3086526.5625	-7266046.5625	-844223
3079906.5	-7321813.75	-703527.875
3069399.3125	-7374261.6875	-563076.8125
3055000.5	-7423365.4375	-423036
3036709.8125	-7469104.125	-283577.375
3014532.25	-7511453.875	-144874.4375
2988479.75	-7550394.625	-7089.625
2958568.5625	-7585910.5	129615.125
2924820.875	-7617981.4375	265085.5
2887265.25	-7646592.1875	399157
2845933.9375	-7671731.25	531668.375
2800866.3125	-7693382.8125	662474.25
2752106.75	-7711536.125	791427.0625
2699703.9375	-7726184	918383.4375
2643714.5625	-7737314.75	1043195.1875
2584199.25	-7744922.1875	1165723.125
2521223.125	-7749003.1875	1285836.5625
2454856.9375	-7749550.1875	1403411.125
2385177.5625	-7746561.8125	1518319.375
2312267.375	-7740038.75	1630433.3125
2236212.625	-7729977.75	1739641
2157104.1875	-7716382.5	1845832.5
2075036.6875	-7699256.75	1948906
1990113	-7678602.6875	2048756
1902439.625	-7654428.375	2145281.4375
1812125.1875	-7626740.4375	2238396.8125
1719282.5	-7595548.375	2328018.25
1624029.3125	-7560862.625	2414067.9375
1526490.4375	-7522695.1875	2496465.5625
1426792.1875	-7481060.5	2575141.375
1325063.3125	-7435972.8125	2650035.4375
1221433.625	-7387450.5	2721093.3125
1116041.3125	-7335511	2788261.875
1009028.875	-7280175.5625	2851489.1875
900537.0625	-7221466	2910737.4375
790709.875	-7159405.875	2965973.0625
679691.3125	-7094021.625	3017170.3125
567635.125	-7025339.5625	3064301.9375
454695.1875	-6953390.1875	3107346.8125
341022.125	-6878204	3146296.3125
226770.25	-6799813.25	3181144.5
112092.1875	-6718255	3211891.8125
-2847.875	-6633565.125	3238538.5625
-117890.25	-6545781.4375	3261093.3125
-232879.8125	-6454946.5625	3279573.5
-347661.125	-6361103.75	3294000.6875
-462071.375	-6264296.375	3304399.5625
-575945.6875	-6164572.625	3310796.9375
-689129.0625	-6061982.625	3313229.125
-801463	-5956576.9375	3311737.0625
-912793.75	-5848408.3125	3306366.625
-1022961.3125	-5737534.8125	3297165.4375
-1131804.625	-5624013.25	3284184.8125
-1239173.5	-5507902.5625	3267484.5625
-1344920.0625	-5389267.5625	3247126.8125
-1448896	-5268171.8125	3223178.1875
-1550944.3125	-5144681.4375	3195707
-1650920.6875	-5018866.0625	3164785.9375
-1748686.1875	-4890798.0625	3130493.5
-1844104.75	-4760549.25	3092909.9375
-1937037.625	-4628195.25	3052119.25
-2027345.4375	-4493815.8125	3008207.5
-2114901.25	-4357489.25	2961264.25
-2199579.875	-4219297.125	2911382.625
-2281268.125	-4079325.5	2858656.875
-2359840.3125	-3937659.5625	2803185.5
-2435176.3125	-3794386.75	2745068.125
-2507175.625	-3649598.3125	2684406.125
-2575737.0625	-3503387.0625	2621303.6875
-2640762.5625	-3355845	2555865.3125
-2702148.4375	-3207067.75	2488200.25
-2759809.3125	-3057155.875	2418416.9375
-2813663.75	-2906206.5625	2346624.8125
-2863637.875	-2754319.5	2272934.125
-2909657.625	-2601597.4375	2197457.125
-2951650.5625	-2448146.4375	2120309.5
-2989558.125	-2294069.8125	2041603.8125
-3023325.4375	-2139472.25	1961453.1875
-3052912.75	-1984462.75	1879971.25
-3078272.25	-1829151.5	1797274.1875
-3099358.8125	-1673646	1713479.1875
-3116146.9375	-1518055.125	1628700.1875
-3128618.5625	-1362491.8125	1543049.625
-3136760.75	-1207068.4375	1456640.375
-3140550.1875	-1051895.625	1369592.25
-3139978.9375	-897084.1875	1282017.75
-3135059.5625	-742749.1875	1194026.75
-3125801.5	-589003.375	1105731.625
-3112212.625	-435957.875	1017244.625
-3094310.25	-283724.125	928676.5
-3072128.6875	-132416.6875	840136.25
-3045703.5	17853.625	751728.625
-3015066.625	166977.0625	663563.25
-2980262.5	314844	575746.625
-2941350.1875	461342.9375	488379.3125
-2898387.5625	606366.75	401561.75
-2851430.125	749810	315399.625
-2800548.75	891566.875	229989.25
-2745825.125	1031531.5625	145425.875
-2687338.0625	1169603.5625	61805.0625
-2625165.4375	1305683.0625	-20777.5
-2559402.1875	1439671.375	-102232.25
-2490150.1875	1571471.0625	-182470.9375
-2417507.4375	1700989.3125	-261408.1875
-2341572.125	1828135.75	-338954.125
-2262460.5	1952820.6875	-415028.6875
-2180291.875	2074957.25	-489553.9375
-2095180.875	2194463.3125	-562450.1875
-2007243.875	2311259.625	-633638.1875
-1916614.625	2425268.0625	-703047.125
-1823426.625	2536414.6875	-770608.9375
-1727808.25	2644630	-836251.5625
-1629891.625	2749848.125	-899906.6875
-1529823.625	2852004.6875	-961512.8125
-1427748.625	2951040.5625	-1021012
-1323805.4375	3046901	-1078340.4375
-1218138.625	3139535	-1133441.125
-1110904.25	3228894.1875	-1186262.5625
-1002253.6875	3314935.625	-1236756.625
-892332.4375	3397621.625	-1284867.3125
-781294.1875	3476916.5	-1330550.9375
-669299.9375	3552789.75	-1373766
-556503.875	3625217.0625	-1414471.4375
-443055.4375	3694176.625	-1452623.6875
-329113.3125	3759651.4375	-1488190.4375
-214838.5625	3821629.75	-1521137.9375
-100382.9375	3880105.3125	-1551432.5625
14099.875	3935074.0625	-1579048.6875
128452.4375	3986538.5	-1603960.0625
242519.3125	4034506.3125	-1626140
356149.375	4078987.625	-1645571.375
469194.0625	4119998.875	-1662234.8125
581500.5	4157562.125	-1676112.25
692918.5625	4191701.875	-1687193.375
803305.25	4222447.9375	-1695466.5625
912518.6875	4249835.9375	-1700922.3125
1020413.25	4273905.625	-1703556
1126850.5625	4294699.375	-1703364.875
1231696.125	4312266.4375	-1700347.9375
1334818.8125	4326659.625	-1694505.6875
1436084.5	4337935.1875	-1685844.5625
1535367.25	4346154.75	-1674371.5
1632546.1875	4351384	-1660093.125
1727502.5	4353690.5625	-1643024.25
1820116.1875	4353149.0625	-1623179.4375
1910277.5	4349836.9375	-1600572.625
1997880	4343833.125	-1575226
2082820.1875	4335221.125	-1547161.8125
2164995.3125	4324091.0625	-1516402.1875
2244312.0625	4310534	-1482974.4375
2320681.5	4294639.5625	-1446911
2394017	4276506.125	-1408241
2464234.5	4256235.9375	-1366998.9375
2531258.9375	4233930.5625	-1323222.0625
2595020.25	4209690	-1276950.375
2655449.6875	4183623.875	-1228225.6875
2712483.1875	4155843.1875	-1177092.375
2766064.6875	4126457.875	-1123594.5
2816143.625	4095575.375	-1067784.75
2862670.3125	4063313.625	-1009714.75
2905601.0625	4029789.5	-949436.9375
2944899.3125	3995117.5625	-887005.375
2980534.125	3959410.375	-822484.125
3012475.125	3922790.6875	-755934.1875
3040698.75	3885377.8125	-687414.25
3065188.3125	3847287.8125	-616992
3085931.875	3808635.3125	-544740.5625
3102918.1875	3769544.3125	-470727.5625
3116143.5625	3730133.1875	-395022.3125
3125610.5	3690515.8125	-317703.125
3131325.0625	3650806.25	-238851.3125
3133294.5	3611125.5	-158541.5
3131534.9375	3571587.5	-76854.3125
3126066.25	3532301.6875	6122.3125
3116910.25	3493378.6875	90302
3104094.125	3454930.0625	175599.625
3087650.8125	3417063.8125	261925.8125
3067616.125	3379882.5625	349185.125
3044027.6875	3343488.75	437284.9375
3016930.375	3307982.1875	526130.1875
2986372.1875	3273462.25	615624.25
2952402	3240020.9375	705666.375
2915074.375	3207747.1875	796155.4375
2874448.5	3176729.3125	886989.75
2830584.4375	3147055.8125	978067.125
2783545.0625	3118801.1875	1069280.4375
2733398.75	3092040.75	1160522.5
2680216.5	3066851.375	1251686.1875
2624068.75	3043301.6875	1342665.4375
2565031.6875	3021449.8125	1433346.5
2503184.9375	3001358.4375	1523618.625
2438607.5	2983084.1875	1613371.875
2371380.9375	2966676.75	1702495.5
2301591.6875	2952179.0625	1790872.3125
2229327.5	2939634.1875	1878389.6875
2154674.0625	2929078.25	1964936.1875
2077723.5	2920543.0625	2050397.5
1998569.875	2914052.4375	2134655.8125
1917304.1875	2909627.3125	2217598.875
1834021.375	2907285.25	2299114.0625
1748820.375	2907039.125	2379087
1661798.125	2908888.6875	2457401.125
1573050.6875	2912835.5	2533946.125
1482680.4375	2918880.0625	2608610.6875
1390788.625	2927009.3125	2681282.5
1297473.1875	2937203.0625	2751849.125
1202837.8125	2949446.3125	2820203.25
1106986.3125	2963715.0625	2886237.9375
1010019.625	2979974.8125	2949845.5
912040.5	2998189	3010919.3125
813154.125	3018320.375	3069358.125
713463.875	3040323.1875	3125061.75
613070.6875	3064144.75	3177929.4375
512081.3125	3089731.3125	3227862.875
410599.4375	3117023.3125	3274769.375
308725.1875	3145956.625	3318557.6875
206562.5625	3176462.9375	3359136.75
104216.5625	3208468.1875	3396419.5
1788.3125	3241895.25	3430323.625
-100624.1875	3276664.9375	3460769.625
-202915.0625	3312692.8125	3487678.625
-304983.625	3349887.125	3510977.0625
-406734.75	3388155.8125	3530595.375
-508067.5	3427408.4375	3546468.3125
-608880.4375	3467543.25	3558531.875
-709078.5	3508456.3125	3566727.5625
-808569.3125	3550043.875	3571001.5
-907251.875	3592205.3125	3571304.8125
-1005031.6875	3634824.4375	3567590.4375
-1101820.9375	3677788.25	3559816.625
-1197525.375	3720986.8125	3547948
-1292049.9375	3764308.25	3531953.8125
-1385308.375	3807628.0625	3511804.9375
-1477216.125	3850827.75	3487479.5
-1567680.3125	3893793.4375	3458961.8125
-1656614.875	3936404.5625	3426240.625
-1743941.25	3978532.6875	3389306.5
-1829574.875	4020058.625	3348159.5625
-1913429.125	4060865.5625	3302804.625
