332751	-89563.8125	-1091201.375
336889.4375	-103512.0625	-1094660.375
340968.5625	-117601.125	-1097665.3125
344978	-131831.25	-1100217.375
348903.375	-146200.4375	-1102311.8125
352726.4375	-160705.5	-1103945.5625
356438.1875	-175345.0625	-1105119.1875
360025.25	-190117.75	-1105837
363482.0625	-205022	-1106093.125
366790.3125	-220049	-1105880.8125
369933.25	-235195.8125	-1105206.125
372902.5	-250461.375	-1104076.6875
375691.125	-265839.875	-1102481.875
378289.125	-281324.875	-1100419.75
380678	-296906.8125	-1097892.25
382845	-312582.8125	-1094909.375
384785.8125	-328345.625	-1091463.25
386492.5625	-344189.375	-1087553.4375
387953.9375	-360102.6875	-1083179.1875
389153.9375	-376077.0625	-1078350.0625
390087.25	-392105.8125	-1073063.125
390746.375	-408178.5625	-1067317.625
391125.375	-424286.25	-1061113.6875
391213.75	-440418.25	-1054457.5
391001.3125	-456563.125	-1047350.9375
390483	-472710.0625	-1039793.6875
389652.5	-488846.625	-1031788.25
388505.9375	-504963.875	-1023336.8125
387036.4375	-521050.25	-1014443.375
385234.75	-537088.4375	-1005111.6875
383098.5625	-553067.75	-995344.875
380623.875	-568972.875	-985143.125
377809.9375	-584797.8125	-974510
374649.5625	-600525.3125	-963454.8125
371137.8125	-616135.875	-951979.8125
367274.8125	-631616.6875	-940086.5625
363059.75	-646956.6875	-927776.125
358491.625	-662147.875	-915061.75
353566.625	-677165.75	-901947.25
348283.4375	-691992.875	-888437.1875
342644.1875	-706615.4375	-874528.5625
336649.6875	-721028.3125	-860236
330300.875	-735214.625	-845567.0625
323597.1875	-749149.875	-830528.8125
316540.3125	-762816.8125	-815118.1875
309133.5625	-776206.1875	-799346.4375
301379.9375	-789312	-783227
293282.8125	-802111.5625	-766766.8125
284844.25	-814579.875	-749967.1875
276068.125	-826706.8125	-732834.1875
266959.5625	-838484.625	-715385.5625
257524.0625	-849901.625	-697629.75
247766.5	-860935.25	-679572.3125
237690.8125	-871562.1875	-661215.625
227304	-881780.0625	-642578.5
216613.1875	-891577.0625	-623673.0625
205624.4375	-900941.9375	-604507.4375
194343.875	-909849.0625	-585084.0625
182779.625	-918285.3125	-565419.25
170939.9375	-926248.75	-545529.6875
158833	-933725.5625	-525424.875
146464.4375	-940704	-505110.4375
133844.875	-947163.3125	-484598.625
120983.625	-953097.8125	-463908.75
107891.5	-958499.4375	-443053.8125
94573.625	-963361	-422041.9375
81039.375	-967668.625	-400882.4375
67302.1875	-971410.125	-379595.25
53373.625	-974580.6875	-358197.4375
39261.6875	-977171.8125	-336698.5
24972.0625	-979179.3125	-315107.5
10519	-980595.5	-293443.4375
-4082.0625	-981410.6875	-271725.625
-18822.1875	-981620.1875	-249965.8125
-33694.3125	-981218.3125	-228174.5625
-48688.3125	-980207.125	-206368.1875
-63788.3125	-978583.1875	-184566.9375
-78978.625	-976334.1875	-162786.1875
-94254.5625	-973462.3125	-141037.1875
-109604	-969964.5625	-119334.875
-125016.25	-965851.8125	-97699.25
-140475.8125	-961115.9375	-76146.375
-155969.125	-955749.8125	-54690.25
-171486.4375	-949758.0625	-33345.75
-187018.125	-943149.875	-12130.6875
-202554.1875	-935934.1875	8937.4375
-218075.75	-928101.125	29843.875
-233570.9375	-919649.6875	50574.125
-249030.625	-910593.1875	71111.3125
-264445.125	-900946.625	91436.875
-279803.1875	-890712.1875	111537.125
-295086.0625	-879884.25	131396.875
-310282.25	-868472.9375	151000.375
-325382.75	-856495.75	170330.125
-340380.6875	-843965.1875	189371.8125
-355260.1875	-830885	208110.9375
-370004.4375	-817255	226533.0625
-384604.5625	-803097.125	244621.6875
-399049.375	-788423.0625	262362.6875
-413334.75	-773249.75	279742.625
-427442.9375	-757580.6875	296748.25
-441356.125	-741427.9375	313364.75
-455069.6875	-724811.8125	329578.625
-468572.9375	-707746	345377.75
-481859.5	-690247.25	360750.1875
-494912.625	-672328	375683.125
-507716.9375	-654001.625	390164.375
-520264.125	-635288.25	404183.75
-532550.5625	-616203.1875	417730.0625
-544569.25	-596770.3125	430793
-556299.1875	-577002.6875	443362.5
-567725.875	-556912.875	455430.3125
-578849.25	-536522.3125	466986.4375
-589664.25	-515854.25	478023.1875
-600158.8125	-494933.1875	488533.125
-610311.9375	-473766.9375	498509.875
-620121.0625	-452374.5625	507945.5
-629579.875	-430778.0625	516834.5
-638684.125	-409008.125	525172.5625
-647419.25	-387080.1875	532955.5
-655773.1875	-365005.75	540177.75
-663741.75	-342806.75	546835.875
-671316.5625	-320510.75	552929
-678494.9375	-298142.625	558455.5625
-685268.3125	-275717	563412.125
-691620.8125	-253246.0625	567798
-697550	-230759.875	571615.125
-703048.5	-208281.1875	574865.1875
-708121.625	-185832.125	577547.1875
-712753.25	-163425.1875	579662.625
-716929.8125	-141080.5	581216.75
-720651.25	-118825.8125	582214.5625
-723920	-96679.3125	582657.0625
-726733.1875	-74661.0625	582548.8125
-729074.0625	-52787.125	581897.5
-730934.375	-31079.3125	580711.6875
-732321.625	-9557.8125	578994.4375
-733234.4375	11758.25	576753.5
-733667.5	32849.9375	573998.625
-733606.375	53699.25	570741.6875
-733055.125	74289.8125	566988.1875
-732012.6875	94603	562748.625
-730481.5	114620.5	558034.5625
-728455.625	134322.5625	552860.875
-725929.5	153697.0625	547236
-722904.5	172727	541173.375
-719379.6875	191399.125	534683.875
-715361.375	209693.375	527785.5
-710848.9375	227593.125	520492.0625
-705832.4375	245090.1875	512817
-700318.75	262168.9375	504775.75
-694310.125	278817.5	496381.75
-687811.1875	295020.3125	487652.9375
-680821.3125	310764	478609.25
-673342.3125	326039.375	469266.3125
-665376.5	340836.375	459638
-656931.875	355144.8125	449738.6875
-648011.0625	368951.375	439594.6875
-638615.125	382247.5	429224.375
-628749.375	395025.625	418644.375
-618425.1875	407278.75	407864.4375
-607644.0625	418998.375	396909.4375
-596410.375	430175.1875	385806.25
-584732.8125	440804.5625	374569.1875
-572621.375	450880.8125	363212.625
-560081.25	460399.75	351753.8125
-547119.6875	469355.4375	340220.4375
-533744.6875	477742.875	328634.6875
-519969.75	485560	317007.25
-505802.75	492804.0625	305358.25
-491249.875	499472.75	293706.5
-476323.6875	505564.0625	282077.5
-461039.4375	511076.5625	270487.5
-445404.1875	516010.5	258954.6875
-429428.5	520365.375	247495.0625
-413126.9375	524142.4375	236126.75
-396513.875	527342.3125	224872.5625
-379600.25	529967	213750.4375
-362399.125	532019.5	202778.5
-344923.9375	533500.5	191965.25
-327192.5	534414.75	181329.875
-309218.375	534767.25	170898.8125
-291013.5	534561.1875	160684.8125
-272594.8125	533800.875	150699.25
-253981.6875	532491.4375	140949.1875
-235188.25	530640.1875	131460.3125
-216227.5	528253.1875	122253.5625
-197119.3125	525337.125	113333.125
-177883.6875	521898.4375	104706.6875
-158534.4375	517943	96387.3125
-139087.8125	513482.1875	88399.4375
-119565	508525.0625	80750.25
-99984.6875	503078.5	73444.625
-80363.375	497149.25	66488.8125
-60718.5625	490749.1875	59898.1875
-41071.1875	483891.0625	53686.5625
-21440.5	476582.4375	47855.5
-1844.8125	468834.4375	42412.75
17698	460655.5	37361.0625
37167.6875	452058.125	32709.125
56543.4375	443057.75	28467.125
75806.5	433664.4375	24635.1875
94939.9375	423887.5	21217.875
113922.3125	413736.9375	18209.125
132732.9375	403231.5625	15619
151353.6875	392385	13454.25
169767.4375	381206.125	11712.25
187952.875	369706.375	10384.3125
205889.3125	357901.375	9468.3125
223560.0625	345806.75	8974.6875
240948	333435.75	8902.1875
258032.125	320802.375	9239.625
274793.4375	307917	9976.25
291215.6875	294792.9375	11114
307282.125	281451.75	12659.0625
322973.5625	267906	14594.9375
338272.125	254169.125	16913.3125
353162.75	240247.125	19603.125
367629.8125	226162.6875	22666.3125
381655.75	211936.6875	26095.125
395224.8125	197578	29873.75
408323.0625	183095.9375	33992.6875
420936.5625	168505.5625	38440.625
433050.0625	153831.1875	43210.3125
444649.875	139086.5625	48292.5625
455723.6875	124280.5625	53672.5
466259.8125	109425.875	59335.625
476245.625	94540.9375	65264.75
485669.5625	79644.875	71456.0625
494521.625	64749.125	77895.125
502792.75	49868.6875	84567.3125
510473.1875	35013.875	91447.25
517553.6875	20199.875	98525.9375
524027.0625	5448.875	105797.0625
529886.875	-9228	113241.3125
535126.75	-23816.875	120836.625
539740.1875	-38313.4375	128564.5
543722.875	-52694.25	136417
547071.375	-66938.5625	144380.375
549782.375	-81038.75	152431.9375
551852.4375	-94988.5	160554.625
553281.0625	-108773.875	168729.125
554067.8125	-122370	176945.3125
554212.25	-135764.8125	185187.6875
553714.25	-148952.875	193435.1875
552576.6875	-161924.625	201667.1875
550802.8125	-174662.25	209869.625
548395.0625	-187147.0625	218031.125
545357	-199373.1875	226132.125
541694.3125	-211328.375	234155.9375
537414.5625	-223004.9375	242081.0625
532522.5	-234388.9375	249895.4375
527025.1875	-245462.75	257588.6875
520932.5	-256219.8125	265139.625
514254.5625	-266649	272532.4375
506998.5625	-276749.5625	279750.3125
499176.5625	-286501.9375	286781.75
490800.8125	-295890.5	293614.875
481883.875	-304910.9375	300232.5
472437.125	-313562.375	306618.5
462474.875	-321835.375	312759.625
452012.6875	-329709.4375	318647.8125
441066.5625	-337177.6875	324268.9375
429649.3125	-344240.1875	329609.5
417778.875	-350893.4375	334656.6875
405474.6875	-357124.375	339399.375
392753.1875	-362918.9375	343830.8125
379630.375	-368279.4375	347939.375
366127.9375	-373199.25	351713.75
352266.4375	-377676.75	355144
338063.9375	-381702.375	358223.5625
323540.5	-385267.625	360945.6875
308718.5625	-388372.8125	363300.75
293619.625	-391013.625	365283.5
278265.4375	-393194.0625	366885
262677.6875	-394903.6875	368101.125
246878.5	-396136.5625	368928.1875
230893.5625	-396891.5625	369361
214745	-397176.125	369394
198453.125	-396992.3125	369024
182043	-396327	368249.9375
165541	-395179.5625	367069.9375
148973.1875	-393552.8125	365480.3125
132356.625	-391462.875	363481.25
115716.875	-388905	361072.375
99081.125	-385868.625	358254.3125
82478.25	-382355.5	355027.125
65924.1875	-378380.25	351391.625
49441.9375	-373950.625	347351.75
33059.875	-369069.6875	342909.6875
16807.5	-363728.5	338066.6875
701.875	-357933.4375	332826.75
-15239.0625	-351701.75	327194.5625
-30984.3125	-345036.9375	321175.6875
-46507.875	-337947.8125	314776
-61790.25	-330434.0625	307999.125
-76816.75	-322503.3125	300850.3125
-91557.6875	-314168.6875	293338
-105990.5	-305437.4375	285469.0625
-120093.75	-296322.4375	277254
-133854.125	-286832.8125	268698
-147246.625	-276972.0625	259807.5
-160251.3125	-266754.25	250593.1875
-172847.125	-256187.875	241063.9375
-185019.9375	-245293.75	231233.6875
-196751.5625	-234083.9375	221110.875
-208023.5	-222560.5625	210701
-218818.875	-210736.875	200016.0625
-229120.5625	-198629.0625	189068.5
-238917	-186259.5625	177874.375
-248193.5	-173639.9375	166443.6875
-256937.25	-160776.625	154782.25
-265128.9375	-147681.5	142903.5625
-272761.9375	-134379	130822.8125
-279827.9375	-120886.3125	118554.6875
-286316.875	-107219.25	106112.875
-292209.875	-93385.8125	93506.0625
-297503.25	-79402.125	80744.8125
-302196.5625	-65292.9375	67846.0625
-306280.1875	-51072.3125	54823.75
-309740.5	-36758.9375	41698.5625
-312574.5625	-22366	28476.75
-314787.6875	-7911.3125	15166.3125
-316374.375	6585.125	1786.5
-317325.5	21106.6875	-11646.1875
-317639.3125	35634.8125	-25112.6875
-317324.8125	50150.5	-38605.4375
-316382.3125	64638.3125	-52116.25
-314804.9375	79081.1875	-65624.9375
-312598.875	93459.3125	-79118.625
-309773	107752.5	-92577.5
-306327.5625	121943.9375	-105988.5
-302264.6875	136018.9375	-119345.0625
-297595.8125	149959	-132633.4375
-292329.9375	163744.5625	-145838.4375
-286469.625	177358.8125	-158937.8125
-280025.625	190783.1875	-171917.375
-273009.4375	204002.625	-184774.75
-265432.8125	217001.375	-197500.125
-257304.3125	229760.5625	-210068
-248636.75	242264.4375	-222466.1875
-239444.25	254497.375	-234683.5
-229743.5625	266443.6875	-246713.75
-219544.3125	278088.125	-258538.3125
-208862.625	289416	-270144.875
-197718.0625	300412.875	-281519.625
-186127.5625	311064.3125	-292655.6875
-174102.75	321357.25	-303539.5625
-161665.3125	331278.25	-314159.25
-148837.0625	340815.3125	-324501.5
-135633.75	349956.0625	-334555.875
-122072.6875	358688.75	-344314.8125
-108177.875	367002.5625	-353766.3125
-93971	374887.625	-362900.5
-79470.0625	382334.8125	-371701.9375
-64696.875	389333.6875	-380166.6875
-49674	395876	-388286.8125
-34426.5	401954.3125	-396053.4375
-18972.8125	407562.8125	-403448.25
-3336.125	412693.8125	-410468.5
12458.8125	417340.8125	-417112.375
28387.0625	421499.6875	-423368.875
44429.5625	425167.375	-429222.5
60561.125	428340.125	-434668.5
76756.6875	431013.1875	-439709.375
92991.875	433185.5	-444335.1875
109246.8125	434856.75	-448533.125
125495.75	436027.5625	-452296.5625
141713.3125	436696	-455629.3125
157876.75	436862.8125	-458525.6875
173965	436530.9375	-460974.25
189952.6875	435705.5	-462969.0625
205816.4375	434387.375	-464512.5625
221532.625	432579.5625	-465603.375
237080.6875	430288.6875	-466231.8125
252438.25	427521.5625	-466395.125
267580.4375	424285.375	-466092.5625
282486.5	420584.625	-465324.375
297136.6875	416427.8125	-464087.25
311510.0625	411824.1875	-462380.0625
325582.6875	406787.4375	-460199.5625
339336.8125	401323.75	-457545.875
352754.0625	395441.8125	-454423.5
365813.3125	389156.625	-450831
378494.375	382482.9375	-446766.5
390782.25	375431.875	-442227.5625
402659.375	368013.25	-437224.9375
414105.9375	360245.75	-431758.25
425106.5625	352143.625	-425828.75
435648	343721	-419435.875
445713.1875	334995.5	-412586.0625
455286.8125	325983.5	-405285.875
464356.5	316701.125	-397536.875
472909.9375	307166.25	-389341.1875
480933.4375	297398.25	-380706.5625
488415.25	287414.5	-371641.5625
495345.875	277233	-362148
501714.3125	266875.25	-352231.6875
507511.375	256359.875	-341901.6875
512728.5	245705.5	-331167.75
517357.8125	234933.8125	-320033.125
521392.1875	224066	-308506.5
524825.4375	213121.5	-296598.625
527652.75	202119.125	-284320.4375
529868.3125	191084.4375	-271676.25
531468.4375	180036.875	-258678.25
532450.375	168996.5	-245338.5
532812.1875	157983	-231668.375
532551.25	147022.375	-217674.6875
531667.0625	136133.9375	-203371.75
530160.25	125337.3125	-188773.75
528031.3125	114652.875	-173891.875
525281.125	104106.0625	-158736.125
521912.4375	93715.6875	-143322.0625
517928.75	83500.1875	-127665.9375
513333.3125	73480.375	-111778.9375
508130.25	63680.3125	-95674.625
502325.3125	54117.8125	-79369.0625
495924.6875	44809.6875	-62880.375
488934.3125	35776.4375	-46220.25
481361.6875	27040.25	-29405.0625
473215.125	18615.6875	-12453.5
464503.4375	10523.5625	4620.75
455234.8125	2778.1875	21800.625
445420.0625	-4602.625	39065.5625
435069.9375	-11602.0625	56399.625
424195.1875	-18203.75	73786.75
412806.5625	-24392.3125	91210.875
400917.75	-30155.3125	108648.125
388541.875	-35478.0625	126081.4375
375690.8125	-40347.9375	143494.125
362378.125	-44748.625	160870.5625
348619.875	-48672.375	178185.6875
334431.1875	-52108.5625	195420.125
319824.8125	-55048.125	212557.5625
304817.25	-57474.4375	229581.8125
289426.125	-59383.8125	246468.5625
273668.3125	-60771.1875	263196
257557.25	-61630.3125	279748.0625
241112.1875	-61946.3125	296108.375
224352.0625	-61717.9375	312253.3125
207294.625	-60946.875	328160.0625
189954.0625	-59628.75	343813.125
172352.1875	-57752.5625	359194.625
154508.75	-55318.875	374283.4375
136441.9375	-52335.25	389056.25
118166.5625	-48800.375	403497.6875
99706.6875	-44707.8125	417589.0625
81082.625	-40059.3125	431311.6875
62312	-34867.25	444643.375
43411	-29135.375	457567.9375
24405	-22860.625	470067.375
5314.4375	-16047.1875	482124.875
-13843.875	-8710.5	493720.375
-33052.1875	-860.1875	504836.8125
-52284.6875	7503.625	515458.1875
-71521.0625	16373.625	525568.75
-90745.5	25732.3125	535151.4375
-109938.8125	35564.375	544189.375
-129075.1875	45868.1875	552668.9375
-148134.9375	56629.25	560575.0625
-167103.5625	67829	567893.0625
-185960.25	79451.875	574609.125
-204679.75	91489.75	580710.5
-223243.5625	103925.1875	586184.875
-241638.5	116735.1875	591019.5
-259842.375	129904.5	595203.25
-277830.5625	143421.375	598725.9375
-295586.9375	157263.5	601577.25
-313098.875	171405.875	603747.0625
-330343.4375	185832.5	605227.5
-347297.25	200528.3125	606011.125
-363946.375	215466.5	606090.0625
-380278.8125	230622.25	605457.5
-396271.5625	245977.75	604108.5
-411902.6875	261514.4375	602038.75
-427160.9375	277202.9375	599243.1875
-442034.3125	293018.625	595718.8125
-456500.6875	308942.8125	591463.625
-470539.9375	324952.1875	586476.6875
-484143.375	341017.9375	580756.3125
-497299.1875	357114.5625	574302.875
-509986.0625	373222.75	567118.0625
-522186.75	389315.5625	559204.375
-533894.9375	405365.75	550563.375
-545098.8125	421347.625	541199.25
-555778.25	437239.9375	531117.375
-565919.875	453014.75	520323.875
-575519	468646.375	508823.625
-584564.25	484109.25	496624.4375
-593037	499380.375	483736.0625
-600928.1875	514432.6875	470167.5
-608234.3125	529240.75	455927.3125
-614945.0625	543781.5	441026.75
-621043.625	558030.625	425480.1875
-626525.1875	571961.0625	409299.5625
-631387.1875	585549.6875	392496.75
-635621.1875	598774.125	375086.5625
-639212.1875	611612	357086.875
-642160	624036.5	338513.1875
-644462.625	636026.3125	319380.875
-646113.625	647560.375	299708
-647100.8125	658618.75	279515.5
-647427.9375	669176.0625	258822
-647094.0625	679212.625	237646.375
-646094.3125	688709.4375	216010.0625
-644420.5	697649.3125	193935.6875
-642079.625	706008.875	171445.25
-639071.875	713770.5	148561.375
-635394.4375	720917.8125	125307.875
-631043.5625	727436.3125	101708.625
-626028.5	733305.625	77789.0625
-620351.5625	738510.3125	53574.6875
-614011.625	743036.8125	29091.6875
-607009.875	746873.5625	4364.4375
-599358.1875	750003.5	-20578.75
-591059.125	752414.375	-45709.6875
-582113.5	754096.0625	-71000.4375
-572531.5625	755038.8125	-96426.8125
-562323.5	755230	-121957.6875
-551493.0625	754660.3125	-147563.0625
-540046.125	753322.375	-173213.8125
-527997.5625	751210.125	-198886.4375
-515356.125	748315.4375	-224547.6875
-502129.5	744631.875	-250165.8125
-488328.75	740155.125	-275712
-473969.75	734882.1875	-301163.25
-459062.4375	728809.625	-326485.25
-443619.4375	721934.0625	-351644.6875
-427654.375	714255.125	-376615.25
-411183.8125	705772.4375	-401371.9375
-394222.25	696486.0625	-425881.0625
-376784.25	686397.4375	-450111.875
-358884.625	675508.875	-474038.25
-340544.8125	663824	-497633.5625
-321781.6875	651346.3125	-520866.375
-302608.0625	638080.4375	-543707.1875
-283044.6875	624032.4375	-566131.25
-263116.75	609209.0625	-588113.125
-242839.0625	593617.125	-609624.0625
-222230.5625	577265.125	-630637.375
-201312.3125	560162.75	-651124.875
-180109.625	542319.125	-671066.8125
-158641.9375	523744.625	-690438.1875
-136931.1875	504451.875	-709213.5
-114998.5	484452.8125	-727364.3125
-92868.25	463759	-744875.8125
-70565.4375	442384.875	-761727.8125
-48113.625	420346.25	-777893.875
-25533.3125	397657.4375	-793350.8125
-2850.1875	374332.375	-808086.5
19907.6875	350389.375	-822083.4375
42716.0625	325846.875	-835319.125
65553.75	300720.5	-847775.1875
88394.75	275027.6875	-859440.625
111208.875	248789.6875	-870301.5625
133971.5	222026.75	-880341.8125
156660.4375	194755.875	-889548
179250.125	166998.6875	-897906.9375
201709.25	138777.75	-905413
224012.875	110114.8125	-912055.25
246138.125	81028.5	-917824.8125
268060.0625	51544.375	-922707.5625
289747.875	21685.6875	-926705.5
311175.8125	-8525.1875	-929814.3125
332321.375	-39067.0625	-932027.3125
353160.0625	-69912.1875	-933333.6875
373662.5625	-101036.5	-933740.5625
393803.0625	-132417.1875	-933250.3125
413559.5	-164030.4375	-931858.5
432908.25	-195847.6875	-929559.875
451822.375	-227843.5	-926364.1875
470276.4375	-259995.8125	-922281.5
488249.4375	-292277.5625	-917308.75
505718.75	-324660.8125	-911448.0625
522660.5625	-357118.9375	-904711.1875
539050.625	-389630.25	-897113.75
554869.125	-422165.1875	-888656.375
570095.25	-454696.6875	-879347.9375
584708.1875	-487198.3125	-869201.9375
598686.25	-519647.5625	-858237.8125
612010.75	-552013.8125	-846461.6875
624663.4375	-584270.625	-833888.25
636626.6875	-616392.6875	-820532.8125
647882.0625	-648356.4375	-806416.8125
658412.8125	-680131.0625	-791553.8125
668203.375	-711690.75	-775962
677239.75	-743012	-759659.5625
685506.9375	-774069.6875	-742668.6875
692990.75	-804834.5	-725010.3125
699679.625	-835280.6875	-706705.3125
705562	-865387.1875	-687775
710627.375	-895127	-668241.25
714865.0625	-924473.4375	-648132.1875
718267.25	-953401.5625	-627470.625
720825.4375	-981891.6875	-606280.5
722533.5	-1009916.0625	-584583.5
723385.1875	-1037450.75	-562412.9375
723376.1875	-1064472.5625	-539794.5
722501.75	-1090962.375	-516753.25
720760.0625	-1116892.9375	-493311.25
718149.75	-1142242.75	-469504.625
714670.0625	-1166991.25	-445362.375
710320.375	-1191119.25	-420909.4375
705103	-1214601.5625	-396169.4375
699021.875	-1237418.125	-371178.4375
692080	-1259552.125	-345968.8125
684280.875	-1280983.9375	-320564.75
675631.25	-1301691.4375	-294991.5625
666139.625	-1321656.5	-269284.25
655813.5625	-1340865	-243476.8125
644660.75	-1359297.625	-217590.9375
632692.125	-1376936.4375	-191658.0625
619920.5625	-1393764.9375	-165709.8125
606357.0625	-1409771.6875	-139775.25
592015.375	-1424938.125	-113880.8125
576910.125	-1439250.3125	-88056.625
561058	-1452694.6875	-62332.8125
544473.75	-1465261.25	-36737.4375
527175.25	-1476933.9375	-11295.75
509182.3125	-1487701.75	13962.625
490514.8125	-1497555.0625	39009.4375
471190.9375	-1506485	63819.125
451233.25	-1514478.8125	88366.4375
430664.8125	-1521528.125	112624.6875
409509.1875	-1527627.4375	136566.8125
387787.6875	-1532769.0625	160170.625
365526.9375	-1536944.375	183411.75
342753.75	-1540147.6875	206265.9375
319493.3125	-1542377.125	228709.6875
295771.375	-1543626.4375	250722.375
271616.75	-1543891.75	272282.5625
247060.1875	-1543170.4375	293368.4375
222128.3125	-1541463.25	313959.875
196849.75	-1538766.625	334039.5625
171256.875	-1535080.9375	353587.8125
145381.4375	-1530406.8125	372586.875
119252	-1524747.6875	391020.1875
92900.5625	-1518103.375	408872.375
66360.125	-1510477.4375	426128.5
39665	-1501874.8125	442773.125
12844.25	-1492301.0625	458793.9375
-14068.5	-1481759.9375	474178.875
-41037.4375	-1470258.0625	488915.8125
-68029.5	-1457804.375	502994.1875
-95014.6875	-1444406.75	516404.375
-121956.625	-1430073	529137.9375
-148820.625	-1414813.125	541187.125
-175573.5	-1398639.3125	552544.4375
-202184.25	-1381562.0625	563204.25
-228617.8125	-1363593.4375	573161.75
-254837.3125	-1344746.4375	582412.625
-280812.875	-1325036.375	590953.8125
-306512.875	-1304476.6875	598782.625
-331901.625	-1283083.0625	605898.125
-356945.4375	-1260871.8125	612300.4375
-381615.9375	-1237860.9375	617988.75
-405879.6875	-1214067.375	622964.625
-429705.375	-1189510.1875	627231.0625
-453059.3125	-1164206.75	630791.375
-475913.9375	-1138178.25	633648.625
-498242.4375	-1111447.9375	635807.5625
-520013.9375	-1084035.6875	637274.5
-541194.8125	-1055961.875	638056.5
-561758.9375	-1027247.125	638158.9375
-581686.6875	-997921	637590.75
-600947.5	-968006.0625	636361.8125
-619512	-937524.9375	634481.125
-637355.5	-906498.25	631957.5625
-654462	-874958.5625	628803.1875
-670804.5625	-842933.125	625031.1875
-686360.6875	-810445.6875	620652.125
-701106.875	-777518.25	615678.4375
-715025.875	-744183.75	610125.4375
-728102.5625	-710474.375	604008
-740317	-676413.375	597338.8125
-751648.1875	-642027.1875	590133.6875
-762080.625	-607346.5	582410.125
-771608.25	-572406.4375	574184.625
-780214.625	-537232	565471.75
-787882.9375	-501852.3125	556290.6875
-794601.5	-466296.6875	546659.9375
-800369.125	-430600.0625	536597.25
-805174.1875	-394790.9375	526120.1875
-809007.75	-358899.25	515248.875
-811862.1875	-322954.1875	504003.125
-813735.875	-286988.3125	492402.375
-814627.5	-251033.75	480465.875
-814532.8125	-215119.625	468214.5
-813450.9375	-179276.125	455669.375
-811378.75	-143533	442850.9375
-808325	-107923.125	429779.375
-804292.375	-72476.375	416476
-799284	-37222.6875	402963.4375
-793297.75	-2188.9375	389262.375
-786349.75	32592.6875	375393.1875
-778451.4375	67091.625	361377.875
-769607.625	101279.9375	347240
-759822.25	135131.75	332999.0625
-749113.5625	168617.6875	318676.8125
-737502.5625	201707.5	304295
-724994.875	234375.625	289877.5625
-711604.125	266596.625	275442.5625
-697348.6875	298345	261011.875
-682254.25	329592.6875	246608.625
-666333.125	360315.25	232254.625
-649605.75	390489.5	217967.5625
-632091.5	420093.125	203768.3125
-613816.875	449101.75	189681.5625
-594804.8125	477492.4375	175725.6875
-575075.875	505245.8125	161918.75
-554659.5	532340.4375	148280.6875
-533578.25	558756.9375	134836.375
-511858.375	584476.5625	121600.1875
-489530.5625	609481.75	108590.375
-466623.1875	633755.5	95827.4375
-443161.75	657281.5	83333.4375
-419177.8125	680044.4375	71120.625
-394704.125	702030.875	59205.625
-369771.6875	723227.75	47609.375
-344406.8125	743622.75	36351.4375
-318645.25	763204.5	25442
-292521.625	781963.4375	14896.6875
-266068.125	799891.25	4734
-239314.3125	816979.1875	-5029.1875
-212296.125	833220.375	-14382.8125
-185050.0625	848609.75	-23313.375
-157610.125	863143.4375	-31805.25
-130006.125	876816.5625	-39844.5
-102275.8125	889627.25	-47421.0625
-74454.5625	901574.8125	-54523.625
-46578.6875	912659.4375	-61140.875
-18678.5625	922880.875	-67260.6875
9210.3125	932241.875	-72873.875
37050.25	940746.6875	-77971.25
64806.3125	948399.375	-82546.1875
92449.25	955203.875	-86588
119942.0625	961168.0625	-90088.8125
147249.75	966300.875	-93042.1875
174339.0625	970609.4375	-95446.1875
201179	974103	-97291
227736.0625	976793.875	-98571.1875
253977.75	978694.875	-99282.6875
279869.875	979816.875	-99428.375
305384.5625	980174.125	-98999.3125
330491.5	979782.5625	-97992.375
355158.3125	978658.875	-96407.0625
379354.625	976817.75	-94250.125
403055.4375	974277.3125	-91513.75
426231	971057.75	-88197.3125
448853.5	967178.8125	-84304.4375
470896.1875	962657.75	-79844.8125
492334.4375	957517.1875	-74813.25
513143.6875	951781.8125	-69210.1875
533300	945472.4375	-63042.8125
552778.625	938608.875	-56325.5625
571558.3125	931218.625	-49055.1875
589619.125	923326.8125	-41235.4375
606941	914958.9375	-32874.3125
623502.5625	906138.0625	-23989.375
639286.75	896890.875	-14582.625
654277.875	887244.6875	-4659.9375
668458.6875	877230.3125	5769.4375
681813.0625	866871.1875	16685.6875
694328.3125	856193.5	28081.375
705992.6875	845227.5625	39948.6875
716792.5	834006.8125	52276
726717.625	822554.875	65042.75
735759.25	810897.0625	78235.6875
743908.5	799067.8125	91845.875
751157.9375	787097.875	105858.125
757501.9375	775013.3125	120251.75
762935.375	762840.0625	135008.6875
767453.9375	750611.5	150117.9375
771055.1875	738356.8125	165561
773738.125	726104.875	181317.5
775501.375	713881.3125	197365.5625
776345.5	701715.4375	213691.1875
776272.6875	689635.75	230273.1875
775286.25	677674.8125	247091.25
773389.4375	665854.0625	264121.0625
770586.75	654199.25	281344.8125
766884.75	642740	298739.875
762291.3125	631507.5	316285
756814.0625	620520.625	333954.6875
750461.0625	609801.5	351727.5
743243.4375	599380.5625	369579.75
735173.0625	589283.4375	387488.9375
726261.625	579528.1875	405428.9375
716520.8125	570135.3125	423375.5625
705965.625	561130.4375	441304.5625
694611.75	552534.9375	459191.3125
682474.8125	544367.6875	477010.5
669569.875	536644.875	494735.75
655915.0625	529386	512341.75
641529.5	522608.5	529802.75
626433.1875	516333.375	547094.0625
610643.0625	510568.875	564188.75
594180.4375	505328.6875	581059.75
577068.125	500629.25	597681.5
559329.1875	496487.9375	614029.5
540982.375	492907.6875	630077.25
522051.625	489896.5	645796.6875
502563.625	487470.75	661163.5625
482542.75	485636.25	676151
462009.6875	484395.1875	690734.6875
440992.25	483756.125	704888.9375
419517.8125	483725.4375	718588.5
397612.125	484301.375	731806.6875
375299.0625	485486.5	744521
352608.5625	487285.9375	756706.9375
329568.625	489695.0625	768338.5625
306205.5	492710.5	779393
282546.5625	496334.125	789848.75
258621.8125	500559.875	799681.375
234460.25	505379.625	808867.875
210088.4375	510788.1875	817387.875
185537.0625	516781.4375	825220.1875
160834.9375	523346.875	832343
136011.8125	530473.9375	838736.6875
111094.5	538151.9375	844382.25
86114.875	546370.9375	849260.375
61102.1875	555116.5	853353.375
36085.125	564371.125	856643.5
11091.125	574120.4375	859114.4375
-13847.75	584351.5	860750.3125
-38701.9375	595044.625	861536.4375
-63445.1875	606176.125	861457.875
-88048.6875	617731.9375	860502.0625
-112481.1875	629693	858656.6875
-136714	642033	855909.8125
-160722.6875	654728.5	852251
-184477.3125	667762.625	847671.0625
-207949.125	681107.8125	842161
-231110.3125	694737.75	835713.4375
-253938.1875	708627.3125	828322.0625
-276402.4375	722753.1875	819980.9375
-298476.9375	737086.25	810685.8125
-320135.9375	751598.4375	800433.6875
-341358.0625	766260.8125	789221.9375
-362113.6875	781047.75	777049.3125
-382378.9375	795929	763916
-402131.625	810872.625	749823.6875
-421350.8125	825848.625	734773.5
-440009.5625	840830.6875	718769.125
-458085.1875	855786	701815.9375
-475558.5	870679.3125	683919.875
-492411.0625	885483.6875	665086.25
-508619.0625	900169.4375	645323.4375
-524163.1875	914700.6875	624641.6875
-539024.375	929045.125	603052.1875
-553186.0625	943175.5	580564.375
-566630.625	957058.0625	557191.3125
-579340.875	970660.1875	532947.5625
-591301.5	983948.5625	507849.5
-602495.6875	996894.625	481911.8125
-612910.1875	1009468.125	455150.875
-622531.375	1021636.875	427585.9375
-631347.6875	1033366.6875	399238.5625
-639346.1875	1044628.125	370128.5625
-646515.3125	1055395.8125	340274.875
-652845.625	1065639.1875	309701.375
-658328.0625	1075323.75	278435.25
-662955.0625	1084420.625	246500.5625
-666717.9375	1092907.5625	213919.5625
-669609.9375	1100756.875	180719.75
-671625.625	1107936.875	146932.0625
-672762	1114419.625	112586.375
-673014.9375	1120183.9375	77707.625
-672379.5	1125207.5	42326
-670854.9375	1129460.9375	6476.4375
-668441.25	1132919.5	-29806.9375
-665140.125	1135563.1875	-66495.5625
-660949.1875	1137374.25	-103558.0625
-655872.0625	1138326.9375	-140955.5
-649910.6875	1138400.75	-178650.625
-643073.0625	1137577.5625	-216611.3125
-635361.5625	1135843.1875	-254805.5625
-626780.625	1133177.5625	-293190.9375
-617337.125	1129563.625	-331728.6875
-607043.3125	1124986.8125	-370382.625
-595907.6875	1119436.25	-409120.5625
-583935.5	1112897.5	-447898.375
-571139.0625	1105357.5	-486675.875
-557532.4375	1096806.25	-525414
-543131.3125	1087236.125	-564079.875
-527943.0625	1076638.0625	-602629.5625
-511984.8125	1065003.625	-641021.875
-495271.125	1052327.75	-679215.6875
-477824.5	1038606.75	-717177.6875
-459657.375	1023836	-754865.4375
-440787.5625	1008012.8125	-792236.9375
-421232.9375	991136.1875	-829251
-401020.375	973207.3125	-865873.5
-380169.0625	954226.375	-902064.625
-358695.6875	934195.3125	-937781.8125
-336625.8125	913118.25	-972986.0625
-313981.3125	891000.5	-1007642.25
-290791.9375	867847.6875	-1041713.375
-267079.6875	843666.5	-1075158.5
-242868.5625	818465.3125	-1107940.9375
-218183.1875	792254.125	-1140025.625
-193056.5625	765043.5625	-1171378.0625
-167515.0625	736844.8125	-1201961
-141585.375	707670.9375	-1231740.4375
-115293.5625	677536.0625	-1260682.5
-88674.125	646455.625	-1288755.125
-61758	614445.4375	-1315926.1875
-34573.8125	581522.625	-1342164.5
-7149.4375	547705.25	-1367439.1875
20480.3125	513013.375	-1391720.375
48280.25	477467.25	-1414981.9375
76221.1875	441087.625	-1437195.75
104272.25	403896.25	-1458336.0625
132400.0625	365917.3125	-1478374.875
160564.75	327176.1875	-1497291.875
188737.8125	287695.4375	-1515064
216886.875	247500.3125	-1531671.0625
244977.4375	206620.1875	-1547087.3125
272970.25	165082.875	-1561297.8125
300834.8125	122913.5625	-1574286.5
328537.25	80141.75	-1586038.4375
356044.25	36799.75	-1596531.3125
383317.9375	-7082.0625	-1605755.0625
410325.4375	-51475.6875	-1613701.5625
437033.1875	-96348.8125	-1620361.1875
463408.3125	-141666.125	-1625716.5
489415.8125	-187395.6875	-1629761.5
515020.75	-233506.25	-1632496.8125
540191.25	-279963.75	-1633917.125
564895	-326730.5	-1634012.6875
589099.9375	-373773.4375	-1632780
612771.125	-421058.375	-1630228.0625
635877.8125	-468549.6875	-1626357.6875
658389.4375	-516209	-1621166
680277.125	-564001.5	-1614652.8125
701507.25	-611891	-1606833.875
722050.3125	-659840.75	-1597718.4375
741877.9375	-707812.875	-1587311.1875
760966.375	-755770.125	-1575609.5625
779285.125	-803675.75	-1562635.5625
796803.125	-851492.3125	-1548414.8125
813497.3125	-899182.9375	-1532952.5
829344.5625	-946708.125	-1516257.75
844320.5	-994031.25	-1498349.5625
858399.6875	-1041115.25	-1479255.5625
871559.75	-1087924.25	-1458994.4375
883780.5	-1134417	-1437581
895042.1875	-1180557.25	-1415037.8125
905324.1875	-1226309.9375	-1391396.125
914607.5	-1271639.625	-1366682.5625
922876.1875	-1316504.3125	-1340915.625
930114.5	-1360868.625	-1314123.5
936307	-1404700.375	-1286340.125
941439.0625	-1447963.9375	-1257598.625
945499.125	-1490618.0625	-1227921.75
948476.1875	-1532628.6875	-1197342.625
950359.9375	-1573966.875	-1165897.1875
951140.875	-1614596.8125	-1133623.8125
950812.1875	-1654478.8125	-1100549.8125
949367.875	-1693581.3125	-1066711.8125
946802.6875	-1731878.1875	-1032147.4375
943112.9375	-1769334.375	-996898.8125
938297.0625	-1805911.4375	-960997.8125
932353.9375	-1841582.875	-924484.375
925283.5	-1876323	-887396.25
917088.3125	-1910097.4375	-849776.5625
907772.125	-1942874.375	-811664.8125
897338.9375	-1974629.75	-773101.125
885793.9375	-2005337.5625	-734123.4375
873145.9375	-2034966.4375	-694775.1875
859404.125	-2063489.8125	-655101
844577.5625	-2090888	-615141.25
828677.0625	-2117133.3125	-574932.375
811717.0625	-2142201.0625	-534520.1875
793712.5625	-2166069.25	-493951.3125
774677.25	-2188718.5625	-453263.4375
754627.9375	-2210125.75	-412495.625
733584.375	-2230270.5625	-371692.1875
711566.6875	-2249135	-330899.5
688593.6875	-2266701.875	-290154.125
664687.875	-2282953.5625	-249496.625
639873.5625	-2297873.5	-208968.75
614175.6875	-2311446.0625	-168613.625
587618.8125	-2323660.1875	-128469.75
560230.0625	-2334502.75	-88576.25
532037.875	-2343958.0625	-48970.0625
503071.625	-2352018.5	-9693
473361.4375	-2358676.3125	29216.5625
442939.0625	-2363921.4375	67722.75
411835.6875	-2367742.5625	105792.5625
380084.75	-2370139.8125	143386
347721.6875	-2371108.625	180466.875
314782.4375	-2370639.125	217003.75
281301.0625	-2368728.75	252965.625
247313	-2365384.1875	288316.875
212859.0625	-2360601.5	323024.6875
177977.375	-2354377.75	357061.4375
142706.25	-2346714.875	390398.6875
107082.875	-2337623.375	423006.5
71150.875	-2327103.4375	454856.0625
34950.5	-2315160.5625	485922.9375
-1476.375	-2301799.875	516182.6875
-38091.5625	-2287032.25	545611.6875
-74849.6875	-2270868.1875	574184.75
-111708.5	-2253317.8125	601881.625
-148624.0625	-2234389.4375	628682.25
-185557.1875	-2214096.0625	654568.875
-222462.625	-2192457.1875	679521.3125
-259295.75	-2169487.1875	703523.1875
-296012.3125	-2145197.3125	726560
-332572.8125	-2119605.3125	748618.75
-368932.9375	-2092736.6875	769685
-405046.5	-2064610.25	789747
-440870.0625	-2035241.0625	808795.25
-476364.125	-2004651.4375	826821.75
-511486.1875	-1972872.1875	843818
-546190.25	-1939925.9375	859777.1875
-580434.3125	-1905832.25	874694.625
-614179.125	-1870617.6875	888567.3125
-647385.1875	-1834317.125	901392.6875
-680007.5625	-1796957	913168.6875
-712007.3125	-1758562.25	923895.625
-743345.1875	-1719162.4375	933575.4375
-773985.9375	-1678795.9375	942211.0625
-803887.0625	-1637492.8125	949805.1875
-833012.625	-1595283.25	956363.3125
-861325.0625	-1552199.8125	961891.875
-888793.5625	-1508282.625	966398.625
-915379.8125	-1463566	969891.3125
-941050.125	-1418084.5	972380.1875
-965771	-1371873.8125	973876.375
-989515.75	-1324974.375	974391.375
-1012251.875	-1277425.0625	973937.9375
-1033948	-1229263.4375	972530.875
-1054575.875	-1180528.75	970185.8125
-1074113.25	-1131260.375	966917.125
-1092533.9375	-1081501.5	962742.5625
-1109810.25	-1031292.25	957681.1875
-1125919.875	-980674.0625	951752.375
-1140844.625	-929685.6875	944972.8125
-1154565.8125	-878373.25	937365.0625
-1167060.125	-826779.3125	928952.25
-1178311.875	-774945.9375	919756.4375
-1188307.125	-722911.6875	909796.75
-1197034.5	-670724.3125	899099.4375
-1204476.625	-618428	887692
-1210624.5	-566064.3125	875597.3125
-1215468.4375	-513672.5625	862838.0625
-1219004.9375	-461299.8125	849442.75
-1221223.5625	-408991.4375	835442.3125
-1222121	-356787.8125	820860.5625
-1221693.1875	-304728.8125	805723.5625
-1219943.9375	-252859.6875	790060.75
-1216870.75	-201225.8125	773905.625
-1212473.75	-149865.125	757283
-1206758.4375	-98819.125	740222.125
-1199735.5	-48130.75	722752.75
-1191406.3125	2158.5625	704908.875
-1181778.25	52010.8125	686717.625
-1170863.6875	101386.4375	668209.8125
-1158682.1875	150244.125	649415.375
-1145239.625	198546.375	630367.375
-1130547.9375	246257	611095.9375
-1114629.25	293337.875	591632.125
-1097507.25	339751.875	572005.8125
-1079195.4375	385464.8125	552247.9375
-1059710.4375	430443	532392
-1039083.0625	474651.4375	512468.1875
-1017338.9375	518057.625	492505.5
-994499.6875	560630.9375	472532.75
-970589.25	602340.3125	452586
-945642.4375	643155.6875	432693.5625
-919687.6875	683049.1875	412883.9375
-892752.625	721993.8125	393185.875
-864873	759963	373631.125
-836082.5625	796932	354249.25
-806413.0625	832877.1875	335067.1875
-775900.6875	867776.1875	316113.3125
-744585.5	901607.75	297415.625
-712502.9375	934352.375	279003.6875
-679688.6875	965991.3125	260902.25
-646187.25	996507.5	243137.125
-612038.375	1025885.5	225735.4375
-577279.125	1054111.0625	208725.125
-541954.0625	1081170.625	192125.9375
-506108.25	1107053.1875	175962.6875
-469780.5625	1131749.25	160263.6875
-433016.5	1155249.625	145048.8125
-395861.25	1177547	130336.5625
-358357.8125	1198636.1875	116152.5
-320551.3125	1218513.6875	102519.5625
-282488.6875	1237175.75	89452.1875
-244214	1254621.375	76970.625
-205772.9375	1270851.5625	65096.25
-167212.375	1285868.3125	53845.9375
-128578.25	1299673.6875	43232.5625
-89915.0625	1312273	33275.25
-51270.1875	1323673.375	23989.5
-12689.5625	1333882.0625	15388.1875
25782.5625	1342907.0625	7483.375
64100.125	1350759.75	288.25
102216.625	1357453.5	-6184.75
140090.3125	1362999.75	-11925.25
177675.25	1367412.8125	-16926.625
214925.25	1370710.3125	-21180.625
251800.3125	1372911.125	-24672.5625
288258	1374030.6875	-27401.5
324252.9375	1374089.4375	-29366.3125
359745.25	1373109.8125	-30557.375
394695.75	1371115.5	-30967.0625
429063.4375	1368128.8125	-30598.125
462807.875	1364172.875	-29452.6875
495892.375	1359275	-27525
528280.375	1353463.125	-24814.9375
559933.5	1346766.4375	-21325
590817.5625	1339209.4375	-17061.5625
620899.125	1330823.6875	-12026.625
650143.9375	1321642.1875	-6223.8125
678520	1311698.125	345.125
705997.1875	1301018.75	7665.875
732546.125	1289638.25	15730.625
758137.5625	1277594.125	24535.5625
782744.75	1264922.0625	34072.8125
806342.4375	1251651.9375	44323.75
828906	1237821.125	55278.4375
850411.625	1223468.375	66926.5
870838.25	1208632.0625	79255.6875
890166.0625	1193345.1875	92247.875
908375.125	1177646	105885.6875
925448.25	1161573.6875	120153.6875
941370.125	1145167.9375	135037.6875
956125.5625	1128466.4375	150518.25
969701.25	1111504.75	166571.5
982085.875	1094323.25	183174.6875
993270.125	1076960.9375	200313.5625
1003244.4375	1059460	217969.9375
1012001.1875	1041852.875	236110.625
1019535.75	1024179	254712.4375
1025844.4375	1006477.4375	273752.6875
1030923.125	988791.375	293213.6875
1034771.0625	971151.4375	313061.4375
1037388.8125	953594.5	333268.5
1038779.3125	936158.8125	353805.9375
1038944.3125	918887.625	374653.6875
1037888.1875	901809.1875	395779.8125
1035617.4375	884956.625	417151.125
1032141.3125	868366.75	438736.75
1027467.75	852081.25	460511.3125
1021605.625	836126.0625	482444.875
1014567.3125	820529.375	504500.3125
1006367.125	805326.0625	526646.8125
997020.3125	790554.5625	548853
986539.8125	776238.5	571089
974942.625	762400.125	593317.9375
962248.0625	749072.0625	615507.375
948478.125	736287.625	637622.6875
933650.625	724068.0625	659632.375
917785.3125	712429.75	681501.5
900907.5625	701401.25	703194.6875
883043.3125	691010.3125	724677.875
864216.8125	681275.375	745917.4375
844450.3125	672207	766878.8125
823773.125	663828.1875	787527.125
802215	656160.5625	807828.4375
779806.1875	649219.5	827748.125
756572.1875	643009.75	847251.5625
732544.125	637547.875	866306.125
707756	632850.5625	884878.125
682241.5	628924.1875	902932
656031.125	625771.5625	920434.1875
629157	623405.3125	937355.8125
601656	621832.625	953663.125
573563.4375	621052.4375	969322.0625
544915.4375	621065.1875	984300.625
515746	621877.1875	998570.875
486091.875	623486.25	1012101.4375
455990.1875	625888.5	1024861.875
425480.875	629078.0625	1036822.375
394601.625	633052.8125	1047954.5625
363386.5	637806.9375	1058232.6875
331877.25	643330.3125	1067628.3125
300110.25	649608.625	1076114.75
268127.6875	656636.875	1083667.125
235967.5625	664402.8125	1090261.4375
203667.6875	672887.4375	1095873.5
171265.9375	682073.9375	1100480.9375
138805.75	691952.0625	1104062.4375
106324.8125	702500	1106597.0625
73860.5	713696.1875	1108065.25
41451.5	725519.4375	1108449.1875
9140.6875	737950.875	1107730.9375
-23034.9375	750965.3125	1105894.5
-55038.75	764537.0625	1102925.375
-86832.5625	778637.5	1098809.375
-118374.125	793244.375	1093533.9375
-149628.0625	808329.4375	1087088.1875
-180559.125	823859.9375	1079462.375
-211129.9375	839802.9375	1070647.125
-241300.1875	856133.8125	1060635.5625
-271035.375	872819.875	1049422.0625
-300304	889822.375	1037001.75
-329069.3125	907107.5625	1023371.25
-357291.875	924647	1008529.125
-384943	942403.5	992475
-411990.9375	960334.5625	975209.8125
-438400.75	978406.3125	956736.25
-464138.9375	996586.9375	937058
-489176.8125	1014834.6875	916180.875
-513486.0625	1033106.5625	894111.625
-537036.75	1051367.375	870858.25
-559796.1875	1069582.9375	846430.9375
-581739.1875	1087708.5	820841.125
-602843.75	1105701.75	794101.1875
-623080	1123526.875	766225.3125
-642419.75	1141147.0625	737229.5
-660844	1158516.875	707130.625
-678332.125	1175595.375	675947.3125
-694857.5625	1192347	643699.375
-710399.8125	1208732.3125	610408.0625
-724940.8125	1224707.875	576096.6875
-738464.6875	1240233.9375	540789.3125
-750951.25	1255275.5	504510.375
-762382.0625	1269792.375	467288.0625
-772744.125	1283744.5625	429150.5
-782028.6875	1297093.6875	390125.875
-790217.3125	1309805.6875	350245.0625
-797294.5	1321841.5	309543.0625
-803257.3125	1333164.5625	268049.875
-808099.9375	1343739.8125	225798.75
-811807.0625	1353534.5625	182827.1875
-814369.6875	1362511.625	139174.75
-815790	1370638.625	94874.9375
-816066.75	1377883.5625	49965.75
-815189.25	1384217.25	4488.5
-813154.8125	1389605.8125	-41512.375
-809970.8125	1394020.625	-88000.0625
-805640.25	1397433.6875	-134932.6875
-800157.75	1399819.9375	-182265.4375
-793526.5625	1401149.75	-229949.9375
-785759.6875	1401399	-277946.8125
-776864.125	1400544	-326211.0625
-766839.9375	1398564.5625	-374694.875
-755697.25	1395435.875	-423347.25
-743453.25	1391138.4375	-472126.4375
-730117.25	1385655.3125	-520985.1875
-715699.3125	1378969.5625	-569873.75
-700213.8125	1371062.5	-618739.1875
-683681.375	1361919.875	-667538.3125
-666115.8125	1351530.0625	-716222.3125
-647534.8125	1339881.625	-764740.6875
-627956.9375	1326962.375	-813039.25
-607405.6875	1312763.8125	-861074.25
-585902.5	1297279.3125	-908796.375
-563469.6875	1280503.5	-956155.125
-540127.8125	1262430.3125	-1003096.1875
-515908.25	1243057.375	-1049576.0625
-490837	1222383.4375	-1095545.9375
-464937.3125	1200409.375	-1140956.125
-438237.8125	1177135.8125	-1185753.3125
-410774.125	1152565.6875	-1229895.375
-382573.75	1126703.875	-1273334.4375
-353665.75	1099557.1875	-1316023.125
-324084.125	1071132.75	-1357909.9375
-293866.3125	1041439.125	-1398954.8125
-263043.3125	1010487.125	-1439112.1875
-231650	978289.5	-1478337.5625
-199722.8125	944859.5625	-1516582.6875
-167301	910211.4375	-1553809.9375
-134421.125	874362	-1589977.25
-101120.625	837329.25	-1625043.9375
-67436.9375	799132.3125	-1658965.8125
-33414	759791.4375	-1691708.875
908	719329.0625	-1723235.125
35492.25	677767.3125	-1753508.6875
70297.4375	635131.4375	-1782490.375
105277.1875	591447.5	-1810150.3125
140390	546742.75	-1836455.75
175598.25	501043.375	-1861376.125
210857.25	454380.75	-1884878.125
246119.75	406785.9375	-1906937
281344.25	358289.875	-1927525.5625
316491.6875	308923.125	-1946619.5
351515.8125	258722.5	-1964192.1875
386369.125	207723.625	-1980224.25
421011.0625	155960.1875	-1994695.0625
455401.0625	103467.5625	-2007586.875
489493.0625	50286.3125	-2018880.4375
523240.125	-3543.375	-2028562.25
556602.875	-57985.8125	-2036618.75
589540.3125	-113001.25	-2043039.25
622007.0625	-168545.4375	-2047812.3125
653958.5625	-224575.75	-2050930.4375
685356.6875	-281053.875	-2052387.9375
716160.6875	-337936.5625	-2052181.1875
746327.3125	-395176.5	-2050306.8125
775815.1875	-452729.875	-2046763.9375
804587.125	-510555.25	-2041554.5
832605.0625	-568607.5625	-2034682.125
859827.9375	-626837.0625	-2026152
886218.25	-685199.1875	-2015969.625
911740.875	-743649.8125	-2004144.75
936360.75	-802142.5	-1990688.375
960040.6875	-860626.9375	-1975613.875
982747	-919057.625	-1958933.375
1004447.6875	-977388.4375	-1940664.125
1025111.5	-1035572.125	-1920824.375
1044705.9375	-1093559.5	-1899435.625
1063201.5625	-1151303.625	-1876516.3125
1080570.125	-1208757.625	-1852091.75
1096785.6875	-1265874.3125	-1826184.8125
1111821.125	-1322606.625	-1798824.875
1125650.375	-1378905.5	-1770040.125
1138251.375	-1434725.1875	-1739859.5
1149602.4375	-1490019.25	-1708314.5625
1159683.25	-1544743.0625	-1675437.125
1168472.9375	-1598846.1875	-1641263.9375
1175954.4375	-1652284.1875	-1605831.375
1182111.5	-1705013.5	-1569177.4375
1186930.5	-1756991.1875	-1531336.5
1190397.125	-1808166.6875	-1492350.1875
1192499.5625	-1858497.5	-1452264.1875
1193227.75	-1907944.0625	-1411120.625
1192573.8125	-1956464.4375	-1368958.375
1190531.25	-2004009.9375	-1325820.625
1187094.125	-2050540.3125	-1281761.625
1182258.5625	-2096020.625	-1236826.0625
1176023.0625	-2140410.0625	-1191059.5
1168388.125	-2183662.4375	-1144504.5
1159355.0625	-2225742.125	-1097220.3125
1148925.8125	-2266617.0625	-1049256.75
1137105.9375	-2306247.1875	-1000660.9375
1123902.375	-2344593.375	-951479.5
1109323.5	-2381624.125	-901771.25
1093378.25	-2417308.75	-851591.75
1076078.6875	-2451609.625	-800987.75
1057438.4375	-2484495.0625	-750011.1875
1037471.875	-2515938.0625	-698716.8125
1016196	-2545908.625	-647162.5
993629.125	-2574377.1875	-595399.8125
969791.25	-2601314.875	-543481
944701.9375	-2626699.5	-491456.5625
918386.625	-2650506.375	-439386.5
890870.0625	-2672709.4375	-387323.9375
862177.75	-2693286.375	-335319.875
832334.8125	-2712221.5	-283424.5
801373.3125	-2729491.5	-231693.125
769325.5	-2745076.8125	-180181.5625
736221	-2758964.0625	-128938.875
702091.5625	-2771138.1875	-78013.5
666973.625	-2781584.0625	-27456.125
630906.8125	-2790287.625	22678.125
593924.875	-2797240.625	72342.5
556066.1875	-2802434.5	121489.375
517370.625	-2805858.6875	170074
477882.5	-2807505.4375	218046.1875
437641.8125	-2807375.25	265358.3125
396691.625	-2805461.5	311968.125
355075.6875	-2801760.25	357834.625
312840	-2796273.75	402913.5625
270032.0625	-2789004.375	447160.4375
226697	-2779953.4375	490537.625
182884.625	-2769123.6875	533006.3125
138640.8125	-2756521.4375	574530.8125
94015.6875	-2742157.4375	615072.0625
49061.125	-2726038.875	654594.875
3827.8125	-2708176.25	693065.875
-41635.5	-2688576.875	730456.6875
-87278.3125	-2667261.625	766734.3125
-133044.4375	-2644245.3125	801867.5625
-178883.3125	-2619543.375	835830.0625
-224742.25	-2593166.8125	868598.125
-270572	-2565143.6875	900147
-316315	-2535498	930451.0625
-361919.4375	-2504248.5625	959489.875
-407330.25	-2471413	987245.0625
-452500.125	-2437023.3125	1013699.8125
-497373.625	-2401113.125	1038835.875
-541894.8125	-2363703.5625	1062637.9375
-586011.125	-2324821.625	1085093.9375
-629674.9375	-2284501.5	1106193.875
-672835.5	-2242783.25	1125927.625
-715434.625	-2199693.875	1144285.625
-757423.75	-2155267.9375	1161262.5
-798752.8125	-2109542.0625	1176854.1875
-839378.0625	-2062560.125	1191058.0625
-879243.1875	-2014356.875	1203871.8125
-918300.5	-1964972.875	1215296.0625
-956501.0625	-1914447.8125	1225333
-993806.4375	-1862826.8125	1233986.375
-1030167.3125	-1810154.1875	1241261.375
-1065534.125	-1756473.125	1247164.8125
-1099863.5625	-1701828.375	1251705.3125
-1133119.3125	-1646265.125	1254891.5625
-1165262.25	-1589835.1875	1256736.1875
-1196242.75	-1532585.375	1257252.9375
-1226024.4375	-1474563.8125	1256455.4375
-1254571.0625	-1415816.0625	1254357.9375
-1281854.6875	-1356399	1250979
-1307831.5	-1296363.875	1246339.25
-1332467.6875	-1235760.25	1240457.25
-1355730.6875	-1174635.375	1233352.75
-1377601.0625	-1113047.8125	1225048.8125
-1398045.875	-1051053.4375	1215572.1875
-1417031.75	-988701.6875	1204946.75
-1434534.5625	-926042.9375	1193197.0625
-1450537.875	-863134.75	1180350.75
-1465023.8125	-800036.0625	1166438.25
-1477961.1875	-736796.125	1151488.9375
-1489333.4375	-673468.375	1135532.3125
-1499127.0625	-610108.25	1118600.5625
-1507337.875	-546774.75	1100725.25
-1513943.375	-483518.625	1081940.6875
-1518930.5	-420393.9375	1062282.3125
-1522292.875	-357453.875	1041785
-1524032.125	-294755.375	1020482.25
-1524139.75	-232350.875	998411.125
-1522611	-170293	975610.625
-1519443.8125	-108633.0625	952118.6875
-1514645.0625	-47424.125	927971.5
-1508217.9375	13280.375	903210.0625
-1500166.4375	73430.9375	877873.5625
-1490497.4375	132978.125	852001.8125
-1479220.0625	191873.5	825633
-1466350	250065.125	798810.25
-1451898.6875	307506.5625	771574.875
-1435882.75	364151.5625	743966
-1418316.875	419954.25	716025.3125
-1399222.75	474869.0625	687795.4375
-1378622.4375	528852.4375	659318.375
-1356539.125	581862.1875	630633.5
-1332996.1875	633856.4375	601784.3125
-1308021.6875	684795.1875	572812.125
-1281645.4375	734639.3125	543758.875
-1253898.1875	783350.6875	514664.4375
-1224809.5	830893.875	485571.8125
-1194414	877234.0625	456522
-1162751.625	922337.1875	427555
-1129854.8125	966171.625	398711.0625
-1095761.75	1008707.375	370031.3125
-1060516.3125	1049915.5	341555.5625
-1024160.5	1089768.1875	313322.3125
-986732.25	1128240.5	285370.8125
-948278.375	1165308.625	257739.375
-908848.5625	1200950.25	230466.125
-868485.25	1235144.4375	203588
-827235	1267872.9375	177141.3125
-785151.5	1299118.75	151162.0625
-742282.4375	1328866.6875	125687.6875
-698677.9375	1357103	100748.75
-654392.1875	1383816.25	76380
-609477.0625	1408997.25	52616.5
-563984.75	1432637.5625	29489.9375
-517971	1454730.6875	7027.9375
-471490.6875	1475273.0625	-14737
-424598	1494262.625	-35773.375
-377349.625	1511698.25	-56055.3125
-329801.375	1527580.75	-75557.375
-282009.5625	1541914.125	-94251.0625
-234031.4375	1554704.125	-112109
-185923	1565956	-129110.9375
-137742.625	1575678.875	-145234.625
-89545.5	1583883.75	-160454.5
-41389.875	1590583.4375	-174750
6667.75	1595790.25	-188106.3125
54571.625	1599520.625	-200501.875
102264.1875	1601793.4375	-211919.125
149690.5625	1602626.9375	-222342.625
196794.9375	1602041.0625	-231760.4375
243522.0625	1600059.3125	-240158.5
289818.1875	1596707	-247521.125
335628.875	1592008.375	-253841.3125
380901.4375	1585990.125	-259112
425583.625	1578682.25	-263322.125
469624	1570117.125	-266461.8125
512972.5	1560322.5	-268531.625
555578.0625	1549332.1875	-269528.0625
597393.1875	1537181.875	-269447.1875
638371.25	1523908.625	-268284
678465.5625	1509547.9375	-266041.3125
717629.5625	1494136.1875	-262726.4375
755821.0625	1477713.9375	-258337.8125
792998.25	1460323.375	-252876.75
829117.8125	1442006.375	-246352.1875
864140.75	1422800.6875	-238775.625
898030.6875	1402751.4375	-230151.1875
930748.9375	1381905.875	-220488.6875
962259.875	1360309	-209799.1875
992531.4375	1338001.125	-198099
1021531.3125	1315031.125	-185401.5625
1049227.5625	1291448.375	-171721.875
1075592.9375	1267301.125	-157071.375
1100600.9375	1242632.125	-141474.875
1124224.6875	1217492.4375	-124953.5
1146441.3125	1191931.5	-107523.5625
1167230.125	1165999.875	-89203.4375
1186570	1139744.5625	-70023.125
1204442.8125	1113213.8125	-50007.5625
1220833.0625	1086457.75	-29178.8125
1235726.375	1059529.5625	-7561.875
1249109.0625	1032477.1875	14812.25
1260971.25	1005345.5625	37912.625
1271304.4375	978185.75	61711
1280100.875	951051.6875	86177.75
1287355.4375	923990.0625	111282.125
1293065.4375	897042	136984.625
1297229.75	870259.625	163252.75
1299847.75	843694.9375	190055.8125
1300922.1875	817392.625	217357.8125
1300457.75	791391.1875	245115.375
1298459.875	765740.3125	273294.125
1294936.1875	740488.1875	301857.625
1289896.5625	715678.5	330767.5
1283352.1875	691345.875	359979.75
1275316.0625	667536.125	389455.125
1265803.0625	644292.6875	419153.0625
1254829.5625	621656.375	449034.8125
1242413.125	599658.625	479055.9375
1228574.5625	578339.5625	509171.3125
1213335.125	557737.375	539339.25
1196716.5	537887.875	569521.3125
1178743.625	518820	599670.6875
1159444.0625	500566.6875	629739.125
1138843.4375	483160.125	659687.0625
1116970.5625	466629.75	689472.0625
1093856.625	451002	719048
1069533.5	436301.9375	748367.4375
1044032.875	422554.5625	777388.75
1017389.3125	409782.1875	806068.375
989638.5625	398008.625	834362.9375
960817.1875	387250.375	862225.4375
930962.4375	377524.125	889613
900113.75	368845.375	916481.875
868309.75	361233.875	942792.75
835592.0625	354697.75	968499.4375
802002.625	349245	993558.25
767583.625	344883.6875	1017928.625
732377.75	341629	1041573.375
696430.375	339480.75	1064448.25
659786.6875	338437.5	1086511.125
622490.9375	338501.125	1107724.9375
584589.6875	339679.6875	1128054.25
546130.375	341966.1875	1147458.875
507161	345349.125	1165899.1875
467727.0625	349825	1183342.0625
427878.375	355393.5625	1199754.25
387663.5	362041.125	1215100.9375
347131.9375	369747.4375	1229346.125
306329.9375	378503.4375	1242460.8125
265309.875	388299.375	1254415.0625
224120.6875	399113.875	1265178.5
182811.625	410922.5	1274721.875
141430.125	423708.3125	1283020
100029.0625	437454	1290047.6875
58657.9375	452129.1875	1295779.5625
17363.875	467705	1300192.875
-23804.3125	484159.625	1303267.1875
-64794.625	501465.8125	1304982.6875
-105558.125	519586.9375	1305319.9375
-146050.25	538490.3125	1304262.875
-186221.1875	558148.6875	1301796.8125
-226021.625	578524.875	1297907.375
-265403.75	599579.5	1292582.5625
-304326	621274.875	1285812.25
-342738.375	643578.375	1277587.9375
-380594.625	666445.0625	1267902.1875
-417850.375	689833.1875	1256750
-454466.25	713702	1244127.6875
-490393.375	738011.4375	1230033.4375
-525589.375	762713.3125	1214467.0625
-560014.5	787762.75	1197430.5
-593631.0625	813116.0625	1178926.8125
-626393.1875	838727.1875	1158961.25
-658262.5	864547.3125	1137541.4375
-689205.0625	890528.5625	1114675.5
-719184.5625	916623.8125	1090373.8125
-748160.0625	942784.375	1064649
-776097.1875	968960.75	1037515.75
-802968.5	995103.125	1008989.0625
-828738.875	1021161.75	979086.5
-853374.0625	1047087.5	947827.9375
-876844.4375	1072830.5	915234.9375
-899128.625	1098340.9375	881328.8125
-920193.8125	1123567.375	846135.0625
-940012.3125	1148460.625	809680.375
-958561.375	1172971.125	771992.625
-975824.25	1197050.5	733099
-991771.875	1220648.9375	693032.75
-1006383.625	1243716.4375	651827.25
-1019644.5	1266204.9375	609515.875
-1031541.0625	1288069	566132.125
-1042051.25	1309261.125	521715.1875
-1051159.1875	1329731.9375	476306.375
-1058857.125	1349436.4375	429943.8125
-1065138.9375	1368332.375	382664.9375
-1069987.1875	1386375.5	334516.1875
-1073395.125	1403518.875	285543.625
-1075357.875	1419721.4375	235792.25
-1075875.125	1434944.625	185303.4375
-1074940.0625	1449148.5625	134127.5
-1072552.0625	1462290.375	82315.5
-1068710.6875	1474333.0625	29918.3125
-1063419.8125	1485243.1875	-23018.1875
-1056684.6875	1494985.5	-76442.375
-1048509.6875	1503522.5	-130297.375
-1038900.9375	1510822.375	-184529.125
-1027865.25	1516856.75	-239086.75
-1015419.0625	1521596.4375	-293918.0625
-1001572.875	1525009.8125	-348962
-986339.75	1527071	-404162.8125
-969729.1875	1527757.375	-459464.5
-951766.75	1527046.25	-514814.875
-932471.4375	1524912.75	-570151.25
-911861.6875	1521337.4375	-625416.375
-889951.25	1516303.8125	-680550.75
-866772.125	1509796.1875	-735501.6875
-842352.9375	1501797.1875	-790207.5625
-816716	1492293.75	-844609.375
-789882.125	1481276.125	-898647
-761886.5625	1468735.875	-952266.5625
-732767.5	1454663.5	-1005409.375
-702550.625	1439052.75	-1058015.0625
-671265.375	1421900.6875	-1110025.6875
-638948.6875	1403206.125	-1161386.25
-605645.6875	1382967.9375	-1212040.875
-571388	1361186.5	-1261931.125
-536211.875	1337865.9375	-1311001.625
-500156.6875	1313012.5625	-1359197.375
-463271.1875	1286632.875	-1406465.375
-425594.4375	1258734.5625	-1452751.4375
-387167.8125	1229328.75	-1498003.1875
-348034.1875	1198428.75	-1542168.125
-308243.4375	1166048.8125	-1585195.5
-267842	1132203.5625	-1627037.125
-226874.5625	1096911.1875	-1667643.875
-185389.1875	1060191.8125	-1706968.875
-143434.75	1022066.5	-1744963.5625
-101062.875	982557.1875	-1781585.25
-58323.125	941688.625	-1816791.5
-15266.5	899487.5	-1850541
28058.75	855981.1875	-1882788.875
71598.3125	811198.375	-1913497.5
115297.875	765170.125	-1942633.375
159104.9375	717929.25	-1970160.875
202971.5	669508.4375	-1996041.25
246842.125	619943.4375	-2020241.0625
290659.25	569270.625	-2042737.1875
334370.5625	517528.375	-2063499.1875
377926.625	464754	-2082498.1875
421273.75	410989.75	-2099704.0625
464352.6875	356277	-2115103
507110.9375	300658.8125	-2128673.1875
549499.3125	244176.3125	-2140395.375
591465.8125	186877.5	-2150244
632952.4375	128808.75	-2158212.8125
673906.5625	70016.25	-2164291.125
714280.125	10544.4375	-2168469
754023.5	-49553.375	-2170727.375
793081.75	-110227	-2171066
831402.875	-171427.6875	-2169486.875
868941.625	-233108.0625	-2165987.75
905649.9375	-295211.25	-2160559.8125
941478.3125	-357683.1875	-2153206.875
976376.8125	-420474	-2143942.6875
1010302.9375	-483533.625	-2132774.5625
1043211.5625	-546802.875	-2119704.4375
1075058.875	-610224.6875	-2104739.8125
1105799.75	-673748.8125	-2087904.625
1135393.5	-737322.9375	-2069217.375
1163800.1875	-800886.8125	-2048689.875
1190981.5625	-864381.3125	-2026334.6875
1216898.5	-927756.625	-2002183.5625
1241513.5625	-990958.6875	-1976267.125
1264793.0625	-1053927.375	-1948605.25
1286703.75	-1116602.6875	-1919218.5
1307213.8125	-1178935.625	-1888143.875
1326290.8125	-1240871.1875	-1855422.5625
1343907.125	-1302350.3125	-1821083.5625
1360035.6875	-1363313.5	-1785155.875
1374651.875	-1423712.75	-1747680.125
1387730.0625	-1483493.125	-1708705.625
1399248.625	-1542597.625	-1668272.6875
1409187.625	-1600968.625	-1626416.625
1417529.5	-1658558.875	-1583182.25
1424256.75	-1715314.9375	-1538624.375
1429354.3125	-1771182.75	-1492794.4375
1432809.5625	-1826107.5625	-1445734.4375
1434612.25	-1880043	-1397491.5
1434753.75	-1932938.5	-1348122
1433226.25	-1984743.625	-1297690.5
1430023.9375	-2035407.5	-1246244.1875
1425144.875	-2084885.25	-1193838.1875
1418588.125	-2133130	-1140526.5
1410355.0625	-2180093.8125	-1086370.6875
1400447.1875	-2225733.25	-1031435.375
1388870.0625	-2270005.75	-975778.3125
1375631.125	-2312868.1875	-919460.25
1360739.1875	-2354274.625	-862534.6875
1344204.625	-2394190.125	-805069
1326040.875	-2432575.9375	-747134.4375
1306263.6875	-2469391.375	-688788.1875
1284889.5	-2504597.4375	-630091.1875
1261935.0625	-2538165.5	-571103.625
1237423.3125	-2570060.75	-511896.875
1211378.4375	-2600244.9375	-452537.875
1183823.5625	-2628690.125	-393085.8125
1154783.75	-2655372.375	-333605.3125
1124287.4375	-2680259	-274155.5
1092367.875	-2703320.375	-214805.875
1059056.3125	-2724536.5	-155625.0625
1024384.625	-2743887.0625	-96671.0625
988388.4375	-2761345.125	-38003.25
951105.5	-2776889.8125	20317.1875
912575.3125	-2790509.1875	78221
872838.5625	-2802184.4375	135647.125
831937.0625	-2811898.9375	192539.8125
789913.5625	-2819639.8125	248840.9375
746810.625	-2825400.0625	304492.3125
702678.75	-2829167.3125	359431.6875
657566.375	-2830933.875	413602.125
611522.375	-2830694.5625	466949.9375
564591.1875	-2828446.9375	519425.75
516827	-2824188.3125	570975.0625
468288.0625	-2817918.5	621539.9375
419026.25	-2809637.375	671072.4375
369093.4375	-2799352.3125	719525.5625
318542.875	-2787068.25	766854.6875
267435.875	-2772790.3125	813011.625
215833	-2756526.9375	857948.3125
163788	-2738294.5	901624.1875
111361	-2718104.6875	943998.8125
58609.25	-2695967	985036.375
5595.0625	-2671902.5	1024696.5
-47617.6875	-2645933.4375	1062939.5
-100969.875	-2618075.6875	1099734.9375
-154399.0625	-2588349.25	1135051.3125
-207850.3125	-2556784.3125	1168860
-261256.25	-2523406.125	1201130.3125
-314549.3125	-2488239.1875	1231833.8125
-367670.1875	-2451312.75	1260948.875
-420561.875	-2412663.3125	1288453.0625
-473164.375	-2372320.375	1314327.5
-525407.1875	-2330318.1875	1338551.5
-577225.25	-2286693.6875	1361107.5625
-628565.6875	-2241486.75	1381983.5
-679368.625	-2194736.3125	1401167
-729572.5625	-2146482.875	1418648.875
-779108.75	-2096766.0625	1434418.875
-827922.625	-2045635.5625	1448470.625
-875957.625	-1993137.4375	1460801.5
-923158.125	-1939316.625	1471409.3125
-969463.125	-1884216.4375	1480294.125
-1014813.4375	-1827892.5625	1487457.375
-1059156.5625	-1770400.5	1492903.1875
-1102437.9375	-1711786.375	1496637.375
-1144606.9375	-1652100.0625	1498667.8125
-1185611.75	-1591400.625	1499005.25
-1225397.8125	-1529749.4375	1497661.4375
-1263915.5	-1467196.0625	1494648.875
-1301116.125	-1403797.375	1489984.0625
-1336959.875	-1339612.8125	1483684
-1371402.625	-1274707.5625	1475768.4375
-1404390.6875	-1209136.625	1466257.75
-1435885.625	-1142960.875	1455175.375
-1465845.625	-1076240.8125	1442546.25
-1494245	-1009042.3125	1428394.25
-1521040.875	-941426.4375	1412747.75
-1546188.875	-873455.8125	1395638.4375
-1569658.9375	-805192.5	1377097
-1591425.5	-736701.125	1357153.5625
-1611469.875	-668047.8125	1335840.0625
-1629752.3125	-599294.875	1313195.625
-1646240.25	-530506.5625	1289259
-1660918.625	-461744.75	1264064.1875
-1673775.625	-393077.8125	1237649.4375
-1684793.6875	-324568.9375	1210055.25
-1693945	-256281.875	1181327.4375
-1701210.0625	-188276	1151507
-1706590.4375	-120619	1120636.5625
-1710080.3125	-53374.9375	1088760.1875
-1711671.6875	13395	1055923.125
-1711345.5	79633.4375	1022173.9375
-1709104.0625	145275.6875	987561.5
-1704955.6875	210258.3125	952133.875
-1698902.875	274524.9375	915935.5
-1690949.3125	338017.6875	879014.8125
-1681094.1875	400676.625	841429.3125
-1669349.0625	462444.0625	803229.9375
-1655726.8125	523265.75	764464.375
-1640250.5625	583086.75	725178.875
-1622933.25	641852.625	685429.75
-1603782.1875	699510.75	645276.875
-1582823.75	756010.5	604766.8125
-1560084.625	811301.8125	563951.5625
-1535596.125	865336.625	522880.625
-1509379.5	918067.75	481612.75
-1481458.5	969449.625	440202.875
-1451870.125	1019439	398701.0625
-1420648.6875	1067993.875	357161.3125
-1387839.75	1115072.625	315631.25
-1353472.75	1160637.5	274166.0625
-1317579.8125	1204651.875	232825.4375
-1280212.375	1247079.875	191657.875
-1241415.5625	1287888.25	150712.75
-1201238.6875	1327046.3125	110034.125
-1159722.3125	1364524.375	69682.625
-1116911.625	1400294.9375	29714.5625
-1072863.9375	1434332.6875	-9829.625
-1027633.1875	1466614.375	-48903.5625
-981274.875	1497118.5625	-87456.5
-933836.375	1525826.4375	-125432.4375
-885377.125	1552720.6875	-162791.0625
-835959.25	1577786.125	-199488.4375
-785642.75	1601010.625	-235479.5625
-734482.5	1622383.5625	-270712.3125
-682540.375	1641895.8125	-305148.3125
-629881.125	1659541.625	-338746.25
-576571.4375	1675317.3125	-371466.875
-522670.9375	1689221.125	-403264.25
-468242.1875	1701252.4375	-434101.25
-413353.75	1711414.375	-463941.0625
-358074.8125	1719712.6875	-492748.9375
-302469.375	1726153.5625	-520487.6875
-246600.1875	1730745.375	-547121.3125
-190537.6875	1733500.3125	-572618.9375
