-3173927.5	1073848.9375	6093738.9375
-3173089.75	1052797.5	6204517.625
-3174635.1875	1029772.625	6310632
-3178482.875	1004840.1875	6412059.25
-3184545.5	978069.9375	6508787.875
-3192727.8125	949533.5625	6600813.8125
-3202930.8125	919308.6875	6688135.4375
-3215052.625	887475.375	6770757.25
-3228979.75	854116.4375	6848694.375
-3244594.9375	819318.9375	6921967.1875
-3261779.6875	783170.9375	6990599.3125
-3280410.0625	745764.5	7054619.5
-3300355.75	707193.3125	7114065.6875
-3321480.875	667552.5	7168981.5
-3343651.8125	626939.9375	7219410.8125
-3366730	585453.75	7265404.25
-3390570.875	543194	7307019.125
-3415028.125	500261.5625	7344318
-3439956.9375	456757	7377362.5
-3465209.8125	412782.5625	7406219.8125
-3490634.5625	368439.25	7430964.375
-3516079.6875	323828.375	7451671.0625
-3541396.375	279050.8125	7468416.1875
-3566431.375	234205.75	7481281.375
-3591032.3125	189392.75	7490350.9375
-3615049.5625	144708.3125	7495709.5625
-3638333	100248.0625	7497443.3125
-3660733.4375	56107.0625	7495643.25
-3682102.75	12375.3125	7490399.75
-3702297.0625	-30858.375	7481801.875
-3721172.8125	-73506.3125	7469944.0625
-3738589	-115484.5	7454919.3125
-3754408.75	-156715.1875	7436819.5625
-3768498.125	-197119.625	7415737.9375
-3780726	-236622.875	7391768.5
-3790965.1875	-275158.25	7365004.625
-3799094.375	-312659.125	7335534.6875
-3804994.875	-349061.9375	7303451.3125
-3808551.9375	-384310.875	7268848.1875
-3809658.6875	-418354.375	7231809.125
-3808211.375	-451142.3125	7192420.3125
-3804111.0625	-482630	7150772.375
-3797265.75	-512781.75	7106946.1875
-3787589.875	-541562.4375	7061019.75
-3775001.75	-568941	7013075.9375
-3759426.125	-594896.125	6963193.6875
-3740796.8125	-619409.5	6911442.0625
-3719050.8125	-642465.5625	6857893.625
-3694131.875	-664055.625	6802622.4375
-3665992.8125	-684179.3125	6745690.75
-3634591.6875	-702837.4375	6687159.0625
-3599892	-720034.25	6627093.4375
-3561865.5625	-735785.75	6565550.375
-3520492.4375	-750109.0625	6502579.25
-3475756.5	-763023.6875	6438234
-3427648.9375	-774558.1875	6372566.9375
-3376170.9375	-784746.625	6305617.4375
-3321327.6875	-793624.375	6237426.1875
-3263130.5625	-801230.3125	6168037.75
-3201599.0625	-807614.4375	6097486
-3136760.875	-812826.3125	6025798.0625
-3068646.4375	-816916.5625	5953008.9375
-2997294.125	-819946.625	5879147.25
-2922750.4375	-821979.625	5804231.6875
-2845066.0625	-823078.5625	5728283.4375
-2764297.375	-823311.8125	5651326.125
-2680507	-822754.8125	5573374.0625
-2593765.1875	-821482.125	5494435.6875
-2504144	-819567.25	5414528.125
-2411722.625	-817094.5	5333661.6875
-2316585.75	-814147.375	5251837.75
-2218822.125	-810807	5169062.1875
-2118524.8125	-807158.3125	5085345.25
-2015790.75	-803291.5625	5000686.875
-1910722.8125	-799296	4915080.875
-1803425.375	-795257.9375	4828531.875
-1694007.3125	-791267.3125	4741043.375
-1582580.5	-787414.875	4652608.5
-1469260.0625	-783792.3125	4563219.375
-1354164	-780487.5625	4472879.5
-1237410.75	-777587.875	4381588.1875
-1119122.9375	-775181.9375	4289335.3125
-999424.5625	-773361.0625	4196116
-878440.0625	-772206	4101934.75
-756295.0625	-771799.125	4006787.375
-633117.25	-772223.875	3910667.0625
-509034.875	-773564.375	3813573.6875
-384173.8125	-775889.0625	3715514.625
-258662.375	-779272.5625	3616485.5
-132628.9375	-783790.8125	3516488.3125
-6199.375	-789510.8125	3415529
120501.25	-796488.4375	3313616.6875
247347.375	-804788.375	3210757
374216	-814470.1875	3106959.75
500986.4375	-825582	3002237.0625
627539.1875	-838166.5	2896607.125
753756.4375	-852271.3125	2790086.375
879524	-867936.25	2682691.125
1004730.9375	-885189.5625	2574446.875
1129266.625	-904058.1875	2465381.9375
1253025.6875	-924566.5625	2355520.875
1375906.9375	-946734.25	2244894.75
1497809.6875	-970569.75	2133541.3125
1618638.9375	-996077.4375	2021496.8125
1738304.4375	-1023259.3125	1908801.75
1856717.75	-1052114.9375	1795499.875
1973795.0625	-1082627.375	1681638.9375
2089458.5625	-1114779.75	1567270
2203633.4375	-1148552.6875	1452446.375
2316248.1875	-1183917.6875	1337224
2427238.375	-1220839.5625	1221664.1875
2536543.25	-1259279.0625	1105830
2644105	-1299191.5625	989786.8125
2749872.4375	-1340526.25	873605.1875
2853799.875	-1383225.375	757357.125
2955843.3125	-1427228.875	641117
3055965.5	-1472470.25	524963.875
3154134.9375	-1518874.8125	408977.5
3250322.125	-1566367.5625	293241.0625
3344503.1875	-1614867.3125	177840.875
3436660.5	-1664284.75	62863.4375
3526779	-1714530.625	-51600.75
3614847.4375	-1765509.8125	-165459.6875
3700861.375	-1817121.6875	-278620.8125
3784819.125	-1869263.25	-390988.0625
3866721.6875	-1921827.9375	-502465.6875
3946576	-1974705.875	-612956.25
4024393.75	-2027781.1875	-722360.3125
4100186.75	-2080939.3125	-830579.75
4173971.5625	-2134062.8125	-937514.125
4245769.75	-2187027.625	-1043063.1875
4315606.375	-2239709.625	-1147127.8125
4383504.25	-2291988.5	-1249606.625
4449493.8125	-2343734.0625	-1350401.5625
4513608.25	-2394818	-1449413.625
4575880.125	-2445113.75	-1546543.4375
4636343.875	-2494493	-1641696.0625
4695038.4375	-2542824.6875	-1734776.125
4752004.125	-2589979.5	-1825688.5
4807280.3125	-2635830.75	-1914342.9375
4860907.875	-2680249.8125	-2000650.6875
4912929.3125	-2723109.375	-2084522.375
4963391.8125	-2764283.9375	-2165875.125
5012334.875	-2803650.6875	-2244628.875
5059801.6875	-2841088.0625	-2320703.1875
5105839.4375	-2876476.3125	-2394023.1875
5150491.875	-2909697.6875	-2464520.1875
5193797.625	-2940640.75	-2532125.5
5235800.75	-2969194.625	-2596774.4375
5276546.3125	-2995250.5625	-2658410.125
5316070.8125	-3018706.125	-2716978.625
5354410.4375	-3039464.3125	-2772427.9375
5391606.8125	-3057429.3125	-2824713.8125
5427695.6875	-3072508.625	-2873798.625
5462705.25	-3084620.125	-2919645.75
5496668.9375	-3093683.8125	-2962224.75
5529618	-3099622.6875	-3001514.875
5561576.6875	-3102367.125	-3037497
5592565.0625	-3101856.625	-3070156.6875
5622608.5625	-3098031.6875	-3099489.1875
5651724.5	-3090838.8125	-3125494.8125
5679923.875	-3080234.1875	-3148176.8125
5707219.8125	-3066180.125	-3167546.4375
5733620.375	-3048642.875	-3183623.8125
5759132.125	-3027592.8125	-3196430.875
5783754.5625	-3003013.3125	-3205995.75
5807482.8125	-2974895.0625	-3212357.375
5830312.3125	-2943228.875	-3215556.875
5852234.25	-2908014.375	-3215640.5625
5873240.0625	-2869258.8125	-3212664.0625
5893304.75	-2826981.4375	-3206688.5625
5912407.125	-2781202.75	-3197778.4375
5930528	-2731950.0625	-3186004.8125
5947643.1875	-2679255.75	-3171447.8125
5963713.9375	-2623165.375	-3154189.375
5978703.125	-2563730.3125	-3134316.125
5992578.875	-2501003.3125	-3111924.5
6005299.8125	-2435044.25	-3087112.6875
6016818.5625	-2365921.625	-3059983.1875
6027085.3125	-2293715.25	-3030645.25
6036049.875	-2218503.5	-2999212.5
6043657.875	-2140371.5625	-2965802
6049858.875	-2059409.75	-2930534.4375
6054588.1875	-1975720.1875	-2893534.125
6057780.125	-1889407.5625	-2854931.6875
6059374.25	-1800577.9375	-2814858.25
6059311.9375	-1709342	-2773446.8125
6057520.5	-1615819.75	-2730836.5625
6053923	-1520137.3125	-2687168.125
6048457.0625	-1422418.6875	-2642581.0625
6041051.4375	-1322792.8125	-2597219.5625
6031633.4375	-1221392.3125	-2551230.9375
6020125	-1118358.4375	-2504758.75
6006454.0625	-1013831.25	-2457949.75
5990546.5625	-907951.8125	-2410953
5972333	-800862.4375	-2363915.6875
5951738.8125	-692712.625	-2316982.5
5928683.875	-583653.875	-2270301.4375
5903098.875	-473833.4375	-2224020.125
5874919.125	-363400.6875	-2178278.6875
5844075.1875	-252506.875	-2133221.1875
5810489.3125	-141307.4375	-2088990
5774099.1875	-29953.0625	-2045721.5
5734845.1875	81406.125	-2003549.5625
5692668.625	192621.875	-1962609.3125
5647503.6875	303541.8125	-1923030.1875
5599294.5625	414016.4375	-1884934.1875
5547994.5	523902.75	-1848444.6875
5493550.25	633055.25	-1813681.125
5435919	741332.6875	-1780752.25
5375059.625	848595.875	-1749766.5625
5310933	954708.875	-1720828.8125
5243506.9375	1059539.3125	-1694035.125
5172755	1162958.0625	-1669474.5
5098652.375	1264840.5	-1647235.0625
5021179.25	1365065.625	-1627397.5625
4940324.875	1463517.1875	-1610030.875
4856080.3125	1560083.75	-1595203.5625
4768441.25	1654658.75	-1582977.6875
4677412.1875	1747140.6875	-1573402.9375
4583002.0625	1837433.625	-1566524.875
4485224.125	1925447.1875	-1562384.75
4384098.75	2011097	-1561013.3125
4279652.5	2094304.0625	-1562431.5625
4171918.5	2174996.125	-1566657.9375
4060933.375	2253107	-1573703.4375
3946742.25	2328576.5625	-1583564.6875
3829397.25	2401351.75	-1596237
3708953.1875	2471385.625	-1611708.3125
3585473.0625	2538638.125	-1629954.4375
3459028.1875	2603075.875	-1650944.6875
3329691.8125	2664672.1875	-1674644.6875
3197544.4375	2723407.25	-1701009.6875
3062675.6875	2779268	-1729984.1875
2925176.875	2832248.0625	-1761510.8125
2785146.375	2882348	-1795524.75
2642690.3125	2929574.8125	-1831948.125
2497917.1875	2973942.5625	-1870700.8125
2350942.5625	3015471.4375	-1911697.5625
2201887.6875	3054188.3125	-1954841.875
2050876.8125	3090126.375	-2000031.3125
1898041.3125	3123325.3125	-2047160.8125
1743516.3125	3153830.125	-2096118.125
1587439.75	3181692.8125	-2146780.4375
1429956.4375	3206970.25	-2199025.1875
1271214.5625	3229725.3125	-2252724.375
1111363.0625	3250026.375	-2307740.3125
950557.75	3267946.625	-2363933.5
788958.375	3283563.625	-2421162.375
626722.0625	3296961.75	-2479277.8125
464013	3308227.625	-2538126.5
300998.75	3317452.0625	-2597554.875
137845.375	3324731.5625	-2657406.0625
-25280	3330165.5625	-2717516.125
-188204.4375	3333855.4375	-2777723.1875
-350755.8125	3335906.5	-2837863.625
-512765.625	3336428.625	-2897768.6875
-674059.8125	3335531.375	-2957270.0625
-834463.9375	3333326.4375	-3016200.5625
-993808.625	3329930.3125	-3074390.5
-1151923.3125	3325458.5	-3131668.875
-1308635.25	3320026.75	-3187867.6875
-1463775.8125	3313754	-3242819.75
-1617180.9375	3306759.4375	-3296355.5625
-1768683.5	3299160.4375	-3348309.8125
-1918119.0625	3291074.25	-3398519.9375
-2065331.375	3282621.4375	-3446822.875
-2210162.875	3273917.125	-3493059.0625
-2352457.875	3265075.875	-3537073.25
-2492068.3125	3256213.8125	-3578712.9375
-2628850.375	3247443.3125	-3617827.3125
-2762660.6875	3238872.5625	-3654272.125
-2893361.4375	3230609.75	-3687907.4375
-3020824.5625	3222761.875	-3718596
-3144922	3215428.8125	-3746206.875
-3265530.6875	3208707.5625	-3770615.25
-3382537.875	3202696.3125	-3791700.625
-3495834.5	3197484.0625	-3809348.3125
-3605316	3193157.25	-3823451.125
-3710885.375	3189798.625	-3833907.75
-3812454.75	3187485.9375	-3840622.8125
-3909939.5625	3186291.875	-3843508.6875
-4003262	3186283.75	-3842485.375
-4092355.875	3187524.5	-3837478.875
-4177158.375	3190070.75	-3828423.625
-4257613.375	3193974.125	-3815261.625
-4333675.25	3199279.6875	-3797943
-4405306.125	3206027.5	-3776425.0625
-4472472.375	3214250.875	-3750673.9375
-4535149.375	3223977.375	-3720663.875
-4593324.3125	3235228.0625	-3686377.1875
-4646987.0625	3248017.9375	-3647804.375
-4696135.4375	3262355.4375	-3604944.8125
-4740779.6875	3278242.75	-3557806
-4780934.625	3295675.5	-3506403.75
-4816621	3314643.3125	-3450762.1875
-4847870.6875	3335127.3125	-3390914.1875
-4874722.9375	3357106.625	-3326900.875
-4897221.8125	3380549.75	-3258770.9375
-4915419.4375	3405419.25	-3186581.6875
-4929378.4375	3431675.625	-3110398.875
-4939164.9375	3459268.4375	-3030295.5
-4944851.625	3488142.3125	-2946351.875
-4946520.625	3518239.25	-2858657.5
-4944260.5	3549491.625	-2767307.9375
-4938162.875	3581826.5625	-2672406.0625
-4928326.5625	3615169.6875	-2574061.9375
-4914860.4375	3649436.8125	-2472393.1875
-4897874.125	3684539.75	-2367522.625
-4877480.6875	3720388.6875	-2259579.4375
-4853806.1875	3756885.4375	-2148700.4375
-4826975.6875	3793927.8125	-2035026.5
-4797115.875	3831413.25	-1918703.625
-4764364.6875	3869231.1875	-1799884.5
-4728861.625	3907268	-1678725.9375
-4690744.375	3945410.375	-1555388.1875
-4650158.8125	3983537.9375	-1430036.4375
-4607255.6875	4021528.3125	-1302840.625
-4562181.3125	4059259.8125	-1173972.4375
-4515087.0625	4096605.3125	-1043606.0625
-4466130.375	4133435.8125	-911921.3125
-4415462.875	4169624.8125	-779097.75
-4363239.625	4205040.8125	-645316.625
-4309620.625	4239550.625	-510762.375
-4254759.4375	4273026.125	-375620.375
-4198811.9375	4305335.0625	-240075.0625
-4141935.5625	4336343.4375	-104312
-4084286.4375	4365922.125	31481.4375
-4026014.4375	4393942.5625	167120.625
-3967272.1875	4420274	302422.125
-3908214	4444787.75	437200.8125
-3848982.8125	4467362.0625	571275.25
-3789723.625	4487871.6875	704466.4375
-3730582.0625	4506194.0625	836596.3125
-3671695.25	4522213.1875	967489
-3613195.9375	4535814.5	1096973.5625
-3555216.8125	4546884.5	1224882.125
-3497888.3125	4555314.75	1351047.875
-3441327.375	4561003.625	1475310.75
-3385652.625	4563849.3125	1597515.4375
-3330981.5	4563754.875	1717508.3125
-3277417.5625	4560631.4375	1835142.4375
-3225061.5	4554392.5625	1950277.25
-3174012.9375	4544955.4375	2062775.6875
-3124363.1875	4532245.125	2172506.125
-3076192.375	4516192.0625	2279344.5625
-3029580.0625	4496730.5	2383173.5625
-2984603	4473800.4375	2483878.5
-2941320.8125	4447350.8125	2581354.75
-2899792.6875	4417333.3125	2675504.25
-2860075.125	4383707.375	2766233.625
-2822211.75	4346437.3125	2853456.8125
-2786237.8125	4305496.0625	2937097.625
-2752188	4260861.9375	3017085
-2720090.125	4212517.6875	3093353.8125
-2689956.625	4160455.625	3165848.8125
-2661799.875	4104673.9375	3234522.4375
-2635628.75	4045174.8125	3299331.5
-2611436.875	3981969.4375	3360242.375
-2589213.375	3915076.0625	3417230.0625
-2568946.25	3844516.0625	3470274.6875
-2550613.8125	3770319.875	3519363.8125
-2534182.5	3692524.5625	3564494.5
-2519619.25	3611170.25	3605670.3125
-2506886.8125	3526306.6875	3642899.4375
-2495933.1875	3437988	3676200.1875
-2486704.8125	3346272.875	3705598.4375
-2479147.375	3251228.625	3731122.75
-2473195.3125	3152925.9375	3752811.5
-2468775.6875	3051440.125	3770710.625
-2465817.4375	2946854.4375	3784869.3125
-2464243.875	2839255.3125	3795343.5625
-2463966.5625	2728732.75	3802197.5625
-2464899	2615384.125	3805499.5
-2466953.125	2499309.3125	3805322
-2470030.75	2380612	3801744.75
-2474031.0625	2259400.75	3794852.6875
-2478856	2135786.9375	3784733.5
-2484401.25	2009886.125	3771480.125
-2490555.625	1881815.625	3755190.8125
-2497212.1875	1751695.6875	3735967.375
-2504262.375	1619651.4375	3713912.75
-2511590.1875	1485807.1875	3689135.875
-2519081.125	1350289.25	3661750
-2526623.9375	1213228.625	3631865.875
-2534102.3125	1074755.5	3599600.875
-2541397.625	934999.3125	3565074.9375
-2548397.25	794093.625	3528405.9375
-2554987.9375	652173.125	3489715.875
-2561051.875	509368.0625	3449128.375
-2566475.75	365810.8125	3406766.625
-2571150.4375	221635.25	3362753.5
-2574965.5625	76975.4375	3317213.5
-2577809.6875	-68041.75	3270272.6875
-2579579.3125	-213285.9375	3222051.8125
-2580171.25	-358626.9375	3172674.75
-2579483.9375	-503937.1875	3122265.125
-2577419.375	-649096.25	3070941.125
-2573884.75	-793980.0625	3018822.5
-2568788.9375	-938466.5625	2966026.9375
-2562044.875	-1082438.6875	2912669.8125
-2553570.5	-1225785.9375	2858862.1875
-2543287.9375	-1368394.5625	2804714.0625
-2531120.9375	-1510154.1875	2750336.5625
-2517002.75	-1650962.0625	2695830.25
-2500869.75	-1790720.0625	2641294.625
-2482661.75	-1929328.75	2586829.75
-2462322.625	-2066692.125	2532529.5
-2439805.875	-2202724.5	2478482.6875
-2415069.6875	-2337342.3125	2424774.3125
-2388074.9375	-2470463.125	2371485.25
-2358787.375	-2602007.875	2318696.25
-2327183.25	-2731909.5625	2266479.125
-2293243.5	-2860101.375	2214898.375
-2256951.8125	-2986518.5625	2164018.4375
-2218297.1875	-3111101	2113904.5625
-2177279.5625	-3233801.875	2064605.25
-2133903.375	-3354571.4375	2016166.375
-2088175.4375	-3473362.375	1968637.8125
-2040108.375	-3590136.6875	1922060.625
-1989726.125	-3704865.875	1876463.375
-1937055.6875	-3817516.5625	1831876.375
-1882126.875	-3928061.25	1788327.1875
-1824975.4375	-4036482.625	1745835.8125
-1765647.6875	-4142767.875	1704413.8125
-1704192.5625	-4246901.5625	1664072.5
-1640660.9375	-4348874.8125	1624817.25
-1575110.375	-4448688.6875	1586650.5625
-1507607.3125	-4546343.6875	1549568.5
-1438220.1875	-4641843.5625	1513559.625
-1367019.125	-4735195	1478612.125
-1294080.8125	-4826412.6875	1444715.6875
-1219488.6875	-4915512.8125	1411845.3125
-1143327.875	-5002513.1875	1379972.9375
-1065684.8125	-5087432.125	1349075
-986651.625	-5170298.875	1319124.5
-906325.3125	-5251140.8125	1290080.1875
-824804	-5329984.875	1261903.0625
-742186.75	-5406860.5625	1234557.75
-658577.0625	-5481808.3125	1208002.375
-574081.5625	-5554862	1182185.25
-488806.75	-5626053.1875	1157060.8125
-402860.75	-5695423.375	1132580.1875
-316353.3125	-5763017.25	1108693.0625
-229396.5625	-5828869.1875	1085344.75
-142101	-5893018.25	1062479.25
-54579.0625	-5955510.6875	1040041.625
33057.9375	-6016387.75	1017980.375
120697.125	-6075687.125	996235.4375
208228.3125	-6133449.375	974746.5625
295539.75	-6189718.75	953459.0625
382523	-6244532	932321.8125
469069.5	-6297927.375	911272.125
555073.3125	-6349941.625	890251.5625
640428.625	-6400611	869211.6875
725033.4375	-6449970.125	848097.5625
808788.375	-6498050.6875	826852.625
891596.8125	-6544878.875	805429.375
973362.1875	-6590487	783780.1875
1053993.6875	-6634900.4375	761853.4375
1133405.125	-6678138	739606.25
1211512.1875	-6720218.6875	716998.5
1288231.3125	-6761165.25	693986.5
1363487.875	-6800989.1875	670532.75
1437211.5625	-6839695.75	646606.3125
1509332.1875	-6877296.75	622172.875
1579785.0625	-6913799.5625	597202.6875
1648512.875	-6949198.8125	571674.1875
1715463.25	-6983490.5625	545563.875
1780584.1875	-7016673.625	518851.5
1843831.4375	-7048735.1875	491525.0625
1905166.5	-7079659.75	463573.3125
1964558.5	-7109428	434986.125
2021975.0625	-7138021.6875	405761.8125
2077391.0625	-7165415.5625	375901.625
2130790.4375	-7191580	345406.625
2182162.6875	-7216479.8125	314285.5625
2231498.375	-7240077.5	282551.8125
2278791.5625	-7262339.375	250218.0625
2324047.625	-7283220.5	217304.1875
2367276	-7302668.6875	183834.625
2408490.8125	-7320634.125	149833.625
2447705.8125	-7337070.5625	115332.125
2484945	-7351917.75	80364.875
2520238.4375	-7365114.1875	44967.3125
2553621.125	-7376597.0625	9180.25
2585126.0625	-7386305.375	-26951.8125
2614794.6875	-7394171.0625	-63383.5
2642674.8125	-7400124.1875	-100064.3125
2668819.5	-7404091	-136941.5625
2693281	-7405997.625	-173961.6875
2716113.6875	-7405774.125	-211065.625
2737382.0625	-7403342.375	-248193.625
2757152.9375	-7398620.1875	-285285.375
2775494.25	-7391529.3125	-322275.4375
2792472.6875	-7381996.875	-359098.5625
2808163.8125	-7369939.3125	-395688.75
2822644.375	-7355274.625	-431976.75
2835995.625	-7337922.1875	-467893.5625
2848292.875	-7317806.3125	-503369.125
2859617.125	-7294846.75	-538332.875
2870053.9375	-7268964.625	-572713.625
2879689.75	-7240080.8125	-606439.4375
2888606.6875	-7208120.125	-639440.6875
2896887.8125	-7173012.5625	-671646
2904620.8125	-7134684.3125	-702983.875
2911894	-7093061.6875	-733387.3125
2918792.0625	-7048078.0625	-762787.3125
2925394.6875	-6999674.3125	-791115.375
2931788.875	-6947785.8125	-818308.375
2938058.5625	-6892352.1875	-844302.6875
2944284.625	-6833317.9375	-869034.1875
2950545.125	-6770636.375	-892445.625
2956916.9375	-6704259.3125	-914481.25
2963475	-6634143.0625	-935084.6875
2970295.4375	-6560247.125	-954204.125
2977447.5625	-6482539.8125	-971794.5625
2984993.75	-6400995.375	-987809
2992998.4375	-6315588.0625	-1002204.3125
3001527.5	-6226296.875	-1014945.75
3010636.375	-6133109.625	-1025998.375
3020371	-6036023.875	-1035330.0625
3030782.375	-5935035.3125	-1042916.625
3041920	-5830146.625	-1048736.8125
3053823.3125	-5721367.3125	-1052771.125
3066520.0625	-5608718.3125	-1055007.1875
3080044.6875	-5492221.5	-1055438.125
3094425.3125	-5371904.4375	-1054058.375
3109683.375	-5247800.25	-1050867.9375
3125829.4375	-5119953.6875	-1045875.4375
3142876.0625	-4988415.25	-1039089.125
3160829.125	-4853237.1875	-1030522.9375
3179688.5625	-4714478.375	-1020200.1875
3199450.1875	-4572207.8125	-1008144.5625
3220099.75	-4426503.3125	-994383.5625
3241621.5625	-4277442.8125	-978954.0625
3263994	-4125111.5625	-961896.4375
3287196.25	-3969601.25	-943251.3125
3311188.125	-3811015.5625	-923068.3125
3335930.5625	-3649458.375	-901403.5625
3361385.4375	-3485038.5	-878312.0625
3387506.6875	-3317872.5	-853853.875
3414235.6875	-3148085.125	-828099.125
3441513.375	-2975802.5625	-801117.1875
3469283.5625	-2801156.3125	-772979.4375
3497474.5	-2624286.1875	-743766.0625
3526010.8125	-2445334.625	-713558.9375
3554819.3125	-2264447.5	-682441.875
3583822.3125	-2081776.375	-650502.5625
3612929.75	-1897478.125	-617832
3642051.875	-1711710.9375	-584526.375
3671103.375	-1524636.6875	-550679.125
3699984.75	-1336422.5	-516388.375
3728594.875	-1147237.625	-481758
3756835	-957251.875	-446889.1875
3784604.375	-766638.8125	-411882.6875
3811791.6875	-575576.0625	-376846.875
3838287.5	-384239.25	-341889.0625
3863988.0625	-192805.6875	-307112.375
3888777.875	-1457.0625	-272625.4375
3912542.75	189627.75	-238536.5625
3935170.75	380269.625	-204953.625
3956550.8125	570287.8125	-171980.125
3976564.125	759502.4375	-139723.1875
3995095.9375	947735.375	-108291.3125
4012037.3125	1134810.25	-77784.125
4027272.1875	1320549.9375	-48302.375
4040687.3125	1504780.6875	-19950
4052171.8125	1687332.4375	7174
4061620.5625	1868035.375	32980.1875
4068923.1875	2046722.875	57373.8125
4073974.5625	2223233.5625	80262.8125
4076672.5625	2397408.8125	101559.5625
4076919.5625	2569092.5	121188
4074619.125	2738134.75	139065.875
4069675.9375	2904389.6875	155115.625
4062001.3125	3067716	169266.8125
4051514.25	3227978.1875	181459.4375
4038131.5	3385045.5	191628.125
4021774.75	3538793.6875	199713.25
4002373.9375	3689104	205665.6875
3979865.6875	3835864	209443.6875
3954186.0625	3978968.25	211003.3125
3925277.75	4118316.875	210305.25
3893092.375	4253818.375	207324.5
3857587.4375	4385386.9375	202040.25
3818722.6875	4512945	194431.8125
3776463.9375	4636422.1875	184484.4375
3730787.75	4755754.1875	172196.125
3681675.0625	4870886.625	157570.8125
3629111.6875	4981772.5625	140613
3573089.1875	5088370.4375	121330.625
3513610.5625	5190649.0625	99750.25
3450682.25	5288585.1875	75898.875
3384317	5382161.4375	49804.125
3314534.3125	5471369.9375	21502.1875
3241363.3125	5556211.6875	-8954.75
3164837.5	5636692.9375	-41518.9375
3084997.0625	5712830	-76135.625
3001889.1875	5784647	-112743
2915568.9375	5852173.9375	-151267.6875
2826097.0625	5915450.0625	-191637
2733539.875	5974522.75	-233773.0625
2637971.75	6029444.4375	-277592.5
2539472.4375	6080276.4375	-322998.625
2438128.0625	6127087.8125	-369898.1875
2334030.5625	6169952.125	-418194.625
2227278.0625	6208951.6875	-467780.9375
2117974.3125	6244174.875	-518543.9375
2006226.625	6275715.1875	-570373.8125
1892151.0625	6303673.1875	-623155.4375
1775866.8125	6328155.5625	-676762.6875
1657496.25	6349273.375	-731072.4375
1537168.875	6367142.3125	-785959.75
1415018.875	6381885.625	-841293.1875
1291180.25	6393629.5625	-896936.5
1165794.5625	6402501.5625	-952759
1039007.5625	6408637.5	-1008624.1875
910964.0625	6412177.4375	-1064390.25
781814.0625	6413259.5625	-1119917.875
651711.1875	6412027.1875	-1175069.1875
520809.875	6408628.75	-1229703.3125
389265.875	6403213.4375	-1283674.375
257237.375	6395928.6875	-1336844.9375
124884.125	6386927.625	-1389074.875
-7632.875	6376363.6875	-1440223
-140155.0625	6364390.375	-1490148
-272521	6351159.5625	-1538716.875
-404567.375	6336825.125	-1585793.8125
-536136.0625	6321542.3125	-1631242.5
-667068.625	6305461.9375	-1674933.0625
-797204.625	6288732.5625	-1716740.1875
-926386.3125	6271505.875	-1756538.25
-1054461.6875	6253930.625	-1794202.5
-1181276.4375	6236147.8125	-1829619
-1306678.8125	6218301	-1862674.875
-1430521.25	6200530.25	-1893259.3125
-1552661.6875	6182971.1875	-1921266.375
-1672957.25	6165753.625	-1946600.4375
-1791267.9375	6149005.6875	-1969166.5625
-1907463.25	6132853.1875	-1988873.4375
-2021414	6117412.9375	-2005639.25
-2132993.25	6102796.4375	-2019389.1875
-2242079.875	6089114.625	-2030050.9375
-2348562.375	6076470.5625	-2037557.5
-2452329	6064959.0625	-2041854.125
-2553273.1875	6054670.9375	-2042889.6875
-2651297.1875	6045691.3125	-2040618.125
-2746310.1875	6038100.1875	-2035001.125
-2838223.0625	6031964.375	-2026011.8125
-2926952.3125	6027350.0625	-2013625.8125
-3012427.125	6024316.625	-1997825.9375
-3094579	6022911.875	-1978605.125
-3173343.625	6023177.5625	-1955964.5625
-3248665.4375	6025150.125	-1929909.375
-3320500.1875	6028858.75	-1900452.625
-3388803.625	6034321.625	-1867618.8125
-3453539	6041549.5625	-1831437.4375
-3514680.125	6050550	-1791944.125
-3572207.9375	6061320.6875	-1749182.8125
-3626105.9375	6073846.375	-1703208.3125
-3676364.1875	6088111.4375	-1654078.125
-3722986.75	6104090.125	-1601858.125
-3765978.9375	6121748.375	-1546622.4375
-3805350.5625	6141042.9375	-1488453.25
-3841120.75	6161924.3125	-1427435.8125
-3873320.375	6184340.4375	-1363664.1875
-3901979	6208226.3125	-1297240.375
-3927133.75	6233507.9375	-1228271.125
-3948828.125	6260109.6875	-1156867.25
-3967116.875	6287952.1875	-1083148
-3982055.375	6316938.8125	-1007239.75
-3993704.0625	6346971.5	-929270.5
-4002126.375	6377953.3125	-849372.5
-4007401.5	6409773.6875	-767687.5
-4009606.3125	6442312.25	-684360.6875
-4008818.75	6475453.8125	-599537.4375
-4005122.75	6509076.5625	-513367.4375
-3998616.875	6543046	-426009.6875
-3989393.8125	6577226.5	-337622.8125
-3977546.75	6611485.0625	-248365.3125
-3963177.125	6645679.75	-158399.125
-3946396.9375	6679659.0625	-67894.625
-3927308.5625	6713279.1875	22981.9375
-3906020.5	6746389.5625	114064.0625
-3882644.75	6778834.875	205183.1875
-3857298.6875	6810457.5	296163.875
-3830095.375	6841103.4375	386837.75
-3801151.25	6870613.75	477036.3125
-3770581.3125	6898827.125	566589.9375
-3738506.5625	6925583.8125	655325.625
-3705045.9375	6950724	743077.3125
-3670316.875	6974088.8125	829681.25
-3634431.25	6995517.5625	914972.6875
-3597513.1875	7014851.0625	998787.0625
-3559679.9375	7031932.4375	1080967.0625
-3521041.375	7046609.625	1161358.4375
-3481707.5625	7058725.0625	1239808.3125
-3441797.9375	7068128.3125	1316166
-3401423	7074671.875	1390288.125
-3360680.5625	7078213.9375	1462035.625
-3319675.0625	7078608.1875	1531273.625
-3278515.9375	7075717.625	1597869.5625
-3237300.9375	7069410.625	1661699.6875
-3196116	7059557.9375	1722644.875
-3155053.25	7046032.375	1780593.375
-3114207.875	7028715.375	1835435.125
-3073661.8125	7007494.25	1887069.875
-3033485.625	6982258.4375	1935403.5
-2993755.5	6952904.6875	1980350.8125
-2954549.5625	6919336.8125	2021827.875
-2915930.25	6881464.125	2059761.5
-2877951.1875	6839200.375	2094086.375
-2840669.4375	6792468.8125	2124745.875
-2804143.4375	6741199.4375	2151685.6875
-2768414.8125	6685326.0625	2174862
-2733518.0625	6624791.3125	2194240.3125
-2699489.4375	6559546.3125	2209794.875
-2666366.4375	6489549.625	2221501.875
-2634168.75	6414762.0625	2229349.125
-2602911.1875	6335157.5	2233333.625
-2572608.375	6250716.875	2233460.8125
-2543276.5	6161426.75	2229738.5625
-2514913.25	6067278.25	2222186.375
-2487514.125	5968276.3125	2210832.3125
-2461072.5625	5864432.125	2195712.9375
-2435583.4375	5755760.375	2176867.3125
-2411024	5642284.125	2154345.3125
-2387371.25	5524037.3125	2128204.9375
-2364598.875	5401061.1875	2098512.3125
-2342681.9375	5273398.375	2065336.25
-2321579.4375	5141102.4375	2028754.4375
-2301251.5	5004235.9375	1988852.6875
-2281654.6875	4862866.9375	1945724.4375
-2262746.125	4717065.875	1899465.0625
-2244469.875	4566914.625	1850176.9375
-2226771.625	4412500.75	1797970.75
-2209593.75	4253916.375	1742964
-2192878.8125	4091260.9375	1685273.5
-2176559.1875	3924637.875	1625023.4375
-2160569.375	3754156.5625	1562346.375
-2144842.3125	3579934.0625	1497376.375
-2129309.3125	3402090.8125	1430248.8125
-2113893.6875	3220748.5625	1361107.5625
-2098523.1875	3036038.5625	1290098.4375
-2083126.0625	2848096.25	1217368.375
-2067626	2657057.0625	1143068.5625
-2051942.625	2463061.3125	1067352.6875
-2036000.8125	2266254.875	990377.125
-2019727.625	2066786.625	912297.625
-2003043.3125	1864806	833272.5
-1985868.8125	1660463.9375	753463
-1968131.875	1453916.8125	673028.375
-1949759.875	1245324.6875	592127
-1930676.0625	1034842.875	510921.5625
-1910807.375	822630.3125	429572.375
-1890087.5	608850	348234.875
-1868448.375	393665.625	267069.5625
-1845820.8125	177235.5625	186233.75
-1822143.4375	-40277.8125	105878.9375
-1797356.75	-258711.25	26159.0625
-1771402.9375	-477900.375	-52775.625
-1744225.5625	-697688.8125	-130778.0625
-1715776.125	-917916.3125	-207705.8125
-1686006.6875	-1138421.8125	-283417.75
-1654872.8125	-1359046.5	-357774.9375
-1622335.5625	-1579639.8125	-430647.4375
-1588359.625	-1800046.8125	-501906.125
-1552913	-2020114.0625	-571425.3125
-1515969.0625	-2239691.6875	-639086.75
-1477506.3125	-2458638.4375	-704777
-1437506.25	-2676808.75	-768386.6875
-1395954.8125	-2894059.9375	-829809.875
-1352846.0625	-3110254.8125	-888951.625
-1308175.75	-3325264.375	-945719.25
-1261944.5625	-3538955.625	-1000024.25
-1214159.625	-3751199.3125	-1051788.375
-1164833.875	-3961873.625	-1100938.1875
-1113982.625	-4170864.125	-1147405.375
-1061626.875	-4378052.8125	-1191127.4375
-1007794.8125	-4583325.875	-1232052.5625
-952517.625	-4786579.375	-1270132.3125
-895830.8125	-4987713.75	-1305322.75
-837776.6875	-5186628.6875	-1337592.0625
-778401.5625	-5383227.3125	-1366914.8125
-717756.625	-5577422.5625	-1393265.3125
-655893.6875	-5769132.6875	-1416626.5625
-592875.625	-5958275.5	-1436998.1875
-528768.6875	-6144769.5	-1454378.875
-463638.8125	-6328547.8125	-1468770.1875
-397557.25	-6509545.1875	-1480184.625
-330599.3125	-6687695.625	-1488639.5625
-262848.5625	-6862935.3125	-1494163.25
-194388.125	-7035215.6875	-1496786.6875
-125303.5	-7204487.5625	-1496547.375
-55680.9375	-7370698.8125	-1493479.3125
14384.5625	-7533804.625	-1487637.8125
84793.6875	-7693773.0625	-1479082.875
155452.3125	-7850566.5625	-1467867.9375
226263.4375	-8004148.75	-1454052
297126.125	-8154491.1875	-1437707.875
367930.9375	-8301575.25	-1418918.25
438576.25	-8445373.125	-1397754.1875
508958.875	-8585864.1875	-1374298.25
578975.3125	-8723033.25	-1348635.5
648513.375	-8856869.125	-1320860.625
717465.75	-8987356.375	-1291068.6875
785729.5	-9114485.1875	-1259354.6875
853199.9375	-9238249.3125	-1225815.6875
919768.625	-9358644	-1190552.125
985328.6875	-9475664.25	-1153677.9375
1049780.125	-9589307.375	-1115297.8125
1113021.5	-9699570.5	-1075515.125
1174952.4375	-9806456.875	-1034435.75
1235473.3125	-9909966.8125	-992180.0625
1294489.6875	-10010099.5625	-948861.4375
1351909.0625	-10106855.9375	-904585.1875
1407641.75	-10200243.4375	-859460.875
1461601.25	-10290264.3125	-813605.8125
1513703.625	-10376914.6875	-767135.875
1563868.9375	-10460200.875	-720157.75
1612021.25	-10540129.375	-672781.4375
1658091.375	-10616698.4375	-625112.25
1702011.5625	-10689903.875	-577263.75
1743716.3125	-10759752.25	-529343.5625
1783148.5	-10826245.6875	-481453.5
1820257.8125	-10889375.9375	-433686.875
1854997.0625	-10949139.4375	-386148.125
1887318.8125	-11005539	-338941.0625
1917187.9375	-11058566.875	-292151.0625
1944574.1875	-11108212.25	-245867.0625
1969452.1875	-11154467.5625	-200179.375
1991798.5625	-11197328.5	-155171.125
2011600.125	-11236777.6875	-110918.625
2028849.375	-11272802.1875	-67500.3125
2043544.6875	-11305388	-24987.6875
2055686.1875	-11334519.125	16554
2065284.6875	-11360174.5625	57060.0625
2072357.125	-11382334.375	96472
2076925.5625	-11400976	134736.4375
2079014.125	-11416075.5	171803.0625
2078657.875	-11427607.375	207627.125
2075898.375	-11435543.8125	242169.0625
2070781.875	-11439850.5625	275392.125
2063354.875	-11440502.75	307266.5625
2053675.25	-11437468.875	337766.625
2041807.0625	-11430712.375	366869.4375
2027821.0625	-11420192	394560.1875
2011786.625	-11405877.75	420826.875
1993779.875	-11387736.625	445660.9375
1973886.8125	-11365722.5	469061.375
1952197.75	-11339795.9375	491029.5625
1928804.75	-11309917.6875	511571.1875
1903799.875	-11276051.75	530698.125
1877286.8125	-11238155.0625	548424.4375
1849372.25	-11196184.625	564768.5625
1820166.375	-11150097.5625	579754.875
1789777.125	-11099857.25	593409.875
1758319.8125	-11045424.6875	605761.6875
1725913.875	-10986757.25	616845.75
1692682.1875	-10923813.375	626700.6875
1658747.125	-10856557.25	635363.75
1624229.125	-10784956.5	642879.0625
1589256.75	-10708972.375	649293.6875
1553960.3125	-10628570.4375	654655.3125
1518470.75	-10543717.5625	659013
1482912	-10454389.5	662421.0625
1447413.875	-10360558.375	664934.8125
1412110.5	-10262198.1875	666608.3125
1377134	-10159284.3125	667499.8125
1342608.5625	-10051801.3125	667669.0625
1308661.375	-9939738.4375	667175.875
1275423.3125	-9823078.5625	666078
1243020.375	-9701812.625	664438.0625
1211575.125	-9575937.8125	662318.8125
1181207.125	-9445457.6875	659778
1152035.5	-9310374.375	656877
1124175.9375	-9170696.3125	653678.4375
1097746.1875	-9026434.5	650240.1875
1072851.1875	-8877610.5	646619.5
1049593.3125	-8724249.8125	642875.75
1028076	-8566379.3125	639066.0625
1008402.4375	-8404029	635241.5625
990660.9375	-8237240.5	631456.875
974932.875	-8066063.75	627764.4375
961306.5	-7890545.75	624210.1875
949860.4375	-7710741.6875	620840.875
940665.5625	-7526712.875	617702.125
933782.4375	-7338532.375	614833.875
929274.125	-7146273.6875	612273.5625
927193.625	-6950016.0625	610058.1875
927589.4375	-6749843.125	608220.25
930502.375	-6545850.0625	606787.0625
935962	-6338139.125	605785.75
943996.625	-6126811.9375	605239.9375
954629.3125	-5911977.75	605166.125
967876.3125	-5693753.0625	605581.25
983736	-5472265.4375	606498.5625
1002207.25	-5247642.0625	607923.6875
1023288.5625	-5020015.375	609862.4375
1046964.5	-4789524.625	612316.9375
1073206.125	-4556318.8125	615283.125
1101986.1875	-4320548.5	618753.75
1133272.0625	-4082368.25	622721.125
1167018.75	-3841938.4375	627171.125
1203169.25	-3599429	632083.5
1241671.875	-3355009.5	637441
1282461.875	-3108853.6875	643219.8125
1325466.4375	-2861140.8125	649388.5
1370605.625	-2612057.6875	655919.1875
1417798.5	-2361789.9375	662778.8125
1466954.0625	-2110527.125	669927.9375
1517974.4375	-1858462.8125	677327.3125
1570757.5	-1605797	684936.25
1625194.4375	-1352727.375	692707.8125
1681172.9375	-1099453.875	700594.375
1738576.25	-846180.5625	708546.375
1797275.4375	-593115.0625	716512.375
1857143.75	-340462.375	724437.3125
1918052.875	-88428.3125	732267.125
1979863.8125	162778.9375	739943.875
2042431.5625	412948.5	747408.25
2105616.75	661874.5	754603.1875
2169273.125	909350.6875	761465.9375
2233249.5	1155170	767936.8125
2297391.0625	1399125	773954.875
2361544.5	1641013.75	779457.0625
2425557.5	1880636.4375	784383.5625
2489270.5625	2117792.4375	788672.5
2552520.3125	2352283.875	792262.6875
2615151.9375	2583919.0625	795095.1875
2677008.5625	2812509.625	797111.0625
2737926.625	3037868.5625	798251.3125
2797746.0625	3259812.8125	798461.8125
2856310.875	3478166.6875	797687
2913466.1875	3692759.5	795873.4375
2969054.75	3903422.875	792972.8125
3022920.0625	4109994.625	788935.625
3074914.3125	4312321.0625	783715.9375
3124889	4510252.5	777272.875
3172697.4375	4703646.3125	769565
3218197.375	4892366.5625	760555.875
3261251.125	5076284.5625	750213.75
3301722.875	5255278.75	738506.75
3339482.8125	5429235.1875	725410.125
3374405.8125	5598047.6875	710901.875
3406369.9375	5761618.25	694962.25
3435260.3125	5919856.75	677578.3125
3460967.125	6072682.25	658741.4375
3483384.1875	6220020.5	638441.5625
3502414.125	6361807.8125	616680.5625
3517965.5625	6497989.5	593464.0625
3529950.3125	6628517.6875	568795.75
3538291.125	6753355.1875	542687.625
3542914.875	6872474.4375	515162.3125
3543754.5625	6985855.0625	486237.9375
3540753.0625	7093486.875	455938.75
3533859.75	7195370.25	424301.1875
3523028.5	7291512.1875	391359.75
3508224.0625	7381930.1875	357152.5
3489418.6875	7466652.125	321727.0625
3466588.875	7545712.375	285134.875
3439721.75	7619155.75	247428.0625
3408812.6875	7687036.75	208665.125
3373861.375	7749416.9375	168912.375
3334877.5625	7806367.0625	128235.5625
3291879.75	7857967.625	86705.3125
3244891.4375	7904305.625	44398.8125
3193943.9375	7945476.875	1396.1875
3139078.625	7981585.875	-42220.5
3080342.625	8012743.5625	-86365.9375
3017788.0625	8039068.75	-130947.0625
2951478	8060688.125	-175871.75
2881482.3125	8077734.125	-221046.5625
2807873.3125	8090346	-266370.5
2730734.125	8098670.75	-311741.1875
2650155.0625	8102860.4375	-357056.875
2566228.6875	8103070.4375	-402214.4375
2479055.4375	8099464.9375	-447103.1875
2388743.75	8092212.5625	-491614.9375
2295405.875	8081485.0625	-535642.25
2199156.6875	8067457.75	-579073.4375
2100120.5	8050311.75	-621796.25
1998426.625	8030232.0625	-663700.1875
1894204.125	8007404.875	-704674.9375
1787588.8125	7982018.0625	-744605.8125
1678722.4375	7954263.6875	-783383.4375
1567748.5	7924338.25	-820898.0625
1454813.1875	7892433.0625	-857042.8125
1340065.5	7858743.1875	-891706.125
1223658.4375	7823467.0625	-924783.5
1105747.625	7786802.125	-956172.3125
986489.6875	7748939.875	-985772.9375
866040.9375	7710076.5	-1013482.1875
744560.9375	7670409.25	-1039205.125
622213.125	7630128	-1062851.1875
499157.8125	7589419.4375	-1084331.9375
375552.4375	7548475.1875	-1103557.875
251560.375	7507480.4375	-1120448
127345.75	7466612.8125	-1134928.0625
3065.8125	7426050.6875	-1146925
-121123.125	7385969	-1156367.5625
-245061	7346536.9375	-1163192.8125
-368589.8125	7307915.875	-1167346.75
-491557.75	7270264.8125	-1168775.25
-613816.125	7233738.9375	-1167428.75
-735214	7198485	-1163267.125
-855602.5625	7164641.3125	-1156258.5625
-974841.875	7132343.1875	-1146371.875
-1092795.5	7101720	-1133582.0625
-1209325.4375	7072890.75	-1117874.375
-1324297.125	7045966.125	-1099241.625
-1437586.6875	7021053.3125	-1077677.5
-1549073.625	6998248.9375	-1053185.625
-1658637.4375	6977641.5625	-1025777.1875
-1766161.375	6959312.1875	-995469.25
-1871541	6943332.5	-962285.4375
-1974675.375	6929766.125	-926256.5
-2075464.375	6918667.1875	-887420.5
-2173812.0625	6910081.6875	-845821.9375
-2269636.4375	6904045.75	-801512.25
-2362858.1875	6900586.9375	-754549.8125
-2453399.9375	6899723.25	-704999.8125
-2541189	6901463.5625	-652933.625
-2626166.9375	6905807.625	-598429.625
-2708278	6912745.5625	-541572.9375
-2787468.75	6922258.375	-482454.8125
-2863690.6875	6934318.1875	-421171.375
-2936909.75	6948889.625	-357825.4375
-3007094.625	6965922.125	-292529.1875
-3074215.5	6985362.8125	-225395.75
-3138248.5	7007148.5625	-156543.125
-3199183.8125	7031206.75	-86098.4375
-3257013.4375	7057452.25	-14194.25
-3311731.3125	7085798.3125	59036.4375
-3363336.9375	7116148.75	133456.4375
-3411843.5	7148395.5625	208918.8125
-3457264.75	7182423.8125	285274.875
-3499617.625	7218114.3125	362375.75
-3538921.625	7255342.5625	440069.125
-3575212.125	7293968.0625	518192.9375
-3608522.625	7333850.1875	596588
-3638888	7374844.6875	675093.9375
-3666349.25	7416796.625	753547.9375
-3690957.875	7459543.5625	831779.1875
-3712764.3125	7502923.875	909622.6875
-3731821.625	7546768.875	986912.1875
-3748183.875	7590904.6875	1063479.5625
-3761918.8125	7635150	1139152.375
-3773090.375	7679325.3125	1213764.0625
-3781762.1875	7723249.375	1287149.0625
-3788002.9375	7766729.375	1359140.0625
-3791889.375	7809575.1875	1429568.75
-3793494.1875	7851597.3125	1498273.375
-3792892	7892602.1875	1565094.3125
-3790156.5	7932391.25	1629871.5
-3785372.25	7970769.9375	1692446.9375
-3778618.125	8007543.25	1752669.4375
-3769970.1875	8042516.4375	1810390.875
-3759508.6875	8075488.5625	1865465.25
-3747319.375	8106268	1917749.8125
-3733480.125	8134664.5625	1967109.8125
-3718071.0625	8160482.625	2013414.125
-3701169.75	8183531.1875	2056536.75
-3682858	8203627.625	2096354.9375
-3663214.3125	8220589.125	2132755.5625
-3642313.9375	8234230.0625	2165630.125
-3620227.25	8244376.625	2194877.0625
-3597034.4375	8250857.3125	2220398.4375
-3572806.9375	8253504.375	2242107
-3547608.25	8252151.6875	2259921.375
-3521505.5625	8246643.0625	2273768.5625
-3494570.5	8236827.375	2283579.0625
-3466860.375	8222558.1875	2289295.125
-3438431.3125	8203691.625	2290866.375
-3409341.5	8180095.6875	2288250.875
-3379648.125	8151645.5	2281410.4375
-3349395.875	8118218.625	2270319.8125
-3318631.75	8079699.5	2254961.9375
-3287400.1875	8035984.5	2235327.5
-3255741.3125	7986978.625	2211411.875
-3223690.8125	7932586.3125	2183223.6875
-3191281.5	7872725.3125	2150780.1875
-3158539.4375	7807324.5	2114105.5625
-3125494.1875	7736318.1875	2073229.5
-3092167.5625	7659643.3125	2028194.8125
-3058574.375	7577253.375	1979053
-3024727.9375	7489110	1925861.4375
-2990645.125	7395178.9375	1868683.375
-2956331.3125	7295433.625	1807595.5625
-2921785.5625	7189861.75	1742681.625
-2887011	7078459.125	1674030.875
-2852009.5625	6961224.3125	1601739.1875
-2816769.5	6838167.6875	1525913.9375
-2781281.0625	6709310.6875	1446669.25
-2745534.5625	6574682.8125	1364123.875
-2709515.75	6434315.9375	1278403.0625
-2673204.0625	6288255.625	1189641.8125
-2636579.0625	6136557	1097981.0625
-2599618.1875	5979280.4375	1003565.75
-2562297.25	5816490.6875	906546.5625
-2524588.3125	5648266.8125	807081.75
-2486461	5474694.5625	705334.625
-2447882.6875	5295862.875	601472.375
-2408824.75	5111868.5	495665.375
-2369253.125	4922820.625	388090.5625
-2329128.3125	4728829.25	278929.5625
-2288415.0625	4530012.625	168364.9375
-2247080.9375	4326496.6875	56581.1875
-2205087.75	4118412.75	-56230.3125
-2162392.875	3905895.9375	-169876.4375
-2118961.6875	3689088.3125	-284164.75
-2074760.75	3468138.875	-398902.25
-2029750.4375	3243199	-513890.1875
-1983890.5	3014423.8125	-628929.4375
-1937149.25	2781975.5625	-743824.25
-1889495.5625	2546021.0625	-858378.625
-1840892.6875	2306726.75	-972393.6875
-1791306.875	2064264.1875	-1085670.3125
-1740711.875	1818810.4375	-1198016
-1689082.4375	1570544.3125	-1309238
-1636388.75	1319643.25	-1419143.25
-1582606.875	1066290.9375	-1527539.875
-1527719.1875	810673.5625	-1634243.75
-1471708.9375	552976.375	-1739072.8125
-1414558.0625	293384.25	-1841844.875
-1356253.75	32087	-1942382.125
-1296790.5625	-230724.5	-2040514.3125
-1236163.1875	-494864.25	-2136075.9375
-1174368.3125	-760143.375	-2228902.3125
-1111406.375	-1026371	-2318833.3125
-1047285.9375	-1293357.75	-2405720.75
-982016.625	-1560920.1875	-2489418.5
-915610.8125	-1828869.6875	-2569785.5
-848084.5	-2097019.0625	-2646685.0625
-779462	-2365186.1875	-2719993.3125
-709769.5	-2633191.4375	-2789591.4375
-639036.1875	-2900852.8125	-2855363.1875
-567294.375	-3167990.5625	-2917201.3125
-494585.5625	-3434433.0625	-2975010
-420953.3125	-3700008.0625	-3028699.375
-346444.0625	-3964543.5625	-3078185.4375
-271105.375	-4227870.0625	-3123387.9375
-194996.25	-4489830.4375	-3164244.875
-118180	-4750263.0625	-3200700.1875
-40717	-5009008.8125	-3232699.9375
37326.75	-5265911.625	-3260199.625
115879.25	-5520827.875	-3283163.9375
194860.125	-5773612.1875	-3301576.0625
274191.5625	-6024119.3125	-3315415.3125
353792.8125	-6272207.875	-3324670.3125
433579.5	-6517751.1875	-3329339.5
513458.1875	-6760619.3125	-3329436
593334.25	-7000682.8125	-3324976.9375
673116.25	-7237818	-3315985.1875
752706.25	-7471914.0625	-3302492.9375
832002.9375	-7702856.375	-3284537.5
910899.5625	-7930534.8125	-3262176.5
989294	-8154841.875	-3235465.9375
1067078.75	-8375680.75	-3204465.4375
1144147.5625	-8592956.4375	-3169242.9375
1220387.1875	-8806575.5	-3129886.125
1295686.6875	-9016444.6875	-3086482.4375
1369934.875	-9222483.5	-3039118.8125
1443020.6875	-9424615.125	-2987893.5625
1514831.5	-9622760.375	-2932915.125
1585252.25	-9816839.9375	-2874298.5
1654171	-10006790.6875	-2812159.75
1721475.75	-10192550.5625	-2746622.0625
1787058.5625	-10374051.0625	-2677806.75
1850807.875	-10551230.625	-2605854.9375
1912612.3125	-10724038.8125	-2530908.1875
1972366	-10892423.8125	-2453103.1875
2029967.4375	-11056331.625	-2372580.4375
2085314.875	-11215714	-2289494.9375
2138303.4375	-11370528.875	-2204006
2188836.625	-11520735.375	-2116262.4375
2236823.1875	-11666292.4375	-2026422.1875
2282175.75	-11807160.875	-1934644.375
2324803	-11943304	-1841095.75
2364619.6875	-12074694.0625	-1745941.6875
2401550.625	-12201297.875	-1649345.9375
2435525.1875	-12323079.625	-1551466.75
2466471.625	-12440012.8125	-1452474.375
2494320.3125	-12552076.875	-1352543.1875
2519015.75	-12659241.25	-1251833.125
2540506.625	-12761477	-1150505.5625
2558744.5	-12858763.8125	-1048724.4375
2573681.25	-12951082.75	-946660.3125
2585282.375	-13038407.4375	-844472.8125
2593519.875	-13120715.875	-742319.625
2598370.4375	-13197985.9375	-640351.6875
2599811.5625	-13270202.5	-538728.875
2597832.3125	-13337343.6875	-437609
2592430.6875	-13399385.6875	-337133.875
2583609.3125	-13456310.0625	-237446.3125
2571373.5625	-13508102.4375	-138686.9375
2555739.25	-13554739.6875	-41000.75
2536730.75	-13596202.1875	55480.9375
2514378.25	-13632469.25	150632
2488715.0625	-13663526.1875	244333.5625
2459785.5	-13689353	336459.5
2427640.625	-13709926.875	426891.8125
2392339.0625	-13725228.375	515526.375
2353941	-13735243.375	602262.25
2312518.5625	-13739949.375	687001
2268150.5625	-13739326.75	769642
2220922.125	-13733354.4375	850101.0625
2170920	-13722017.25	928299.3125
2118241.9375	-13705296.375	1004165.3125
2062992.875	-13683170.0625	1077622.875
2005283.5625	-13655618.3125	1148605.6875
1945225	-13622629.8125	1217060.1875
1882937.625	-13584183.5	1282938.0625
1818549.5	-13540261.4375	1346192.375
1752195	-13490847.6875	1406776.4375
1684005.8125	-13435929.4375	1464659.8125
1614122.9375	-13375491.4375	1519816.5
1542692.5	-13309520.75	1572227.9375
1469868.1875	-13238003	1621871
1395800.4375	-13160930.0625	1668733.375
1320645.625	-13078294.75	1712813.5625
1244563.75	-12990088.75	1754115.125
1167722.125	-12896302.375	1792640.9375
1090285.875	-12796937.375	1828396.375
1012421.625	-12691994.5625	1861401.1875
934300.125	-12581471.125	1891676.3125
856094.625	-12465370	1919249.875
777979.1875	-12343702.625	1944146.375
700127.1875	-12216477.6875	1966398.3125
622713.875	-12083706.5625	1986046.375
545913.3125	-11945404.75	2003136.5625
469900.25	-11801593.6875	2017710.75
394851.25	-11652297.625	2029813.9375
320938.125	-11497543.1875	2039502.6875
248333.625	-11337359.1875	2046832.8125
177203.75	-11171782.5	2051862.75
107720.8125	-11000855.6875	2054650.125
40051.3125	-10824621.625	2055258.1875
-25641.5	-10643125.6875	2053751.8125
-89204.6875	-10456424.625	2050201.0625
-150479.9375	-10264580.25	2044672.875
-209309.0625	-10067652.75	2037232.5625
-265546.375	-9865709.8125	2027954.0625
-319053.5	-9658828.5625	2016910.75
-369695.4375	-9447090.1875	2004173.25
-417329.75	-9230577.875	1989812.375
-461829.6875	-9009381.6875	1973902.6875
-503077.5625	-8783599.1875	1956516.0625
-540966.5	-8553335.25	1937725.375
-575379.0625	-8318696.375	1917603.4375
-606207.875	-8079794.875	1896219.5625
-633364.375	-7836751.25	1873643.9375
-656768.25	-7589694.6875	1849947.1875
-676336.625	-7338754.625	1825197.75
-691987.0625	-7084066.625	1799459.75
-703659.75	-6825774.625	1772799.375
-711304.875	-6564031.25	1745280.9375
-714877.125	-6298988.6875	1716962.4375
-714327.4375	-6030805.75	1687905.375
-709622.125	-5759648.75	1658168.0625
-700748.125	-5485692.1875	1627802.5625
-687694.5625	-5209110.5	1596860.5
-670452.75	-4930084.0625	1565394.1875
-649017.75	-4648799.3125	1533450.8125
-623412.375	-4365451.1875	1501073.4375
-593658.5625	-4080233.75	1468305.3125
-559790.8125	-3793346.4375	1435183.375
-521840.3125	-3504994.875	1401745.6875
-479856.3125	-3215388.875	1368028
-433901.1875	-2924739.75	1334059.5625
-384040.9375	-2633262.6875	1299865.25
-330348.375	-2341178.9375	1265473.8125
-272905.9375	-2048709.6875	1230909.3125
-211806.25	-1756078.9375	1196187.25
-147151.5625	-1463514.375	1161326.0625
-79045.5	-1171246	1126344.1875
-7605.375	-879504	1091249.3125
67046.125	-588519.625	1056051
144778	-298527.75	1020759.375
225452.8125	-9761.9375	985376.875
308927.5625	277544.5625	949906.4375
395050.625	563157.25	914351
483663.5	846841.125	878707.1875
574605.6875	1128364.125	842970.8125
667708.8125	1407495.625	807139.6875
762796.1875	1684003.5	771208.375
859690.6875	1957659.8125	735165.625
958211.4375	2228240.0625	699004.875
1058168.125	2495520.5625	662717.5625
1159369.4375	2759279.4375	626290.5625
1261622.5625	3019302.1875	589713.25
1364730.875	3275376.8125	552975.75
1468490.75	3527292.25	516062.9375
1572702.0625	3774846.125	478963.5
1677162.3125	4017841.4375	441666.25
1781664	4256082.75	404157.75
1886000.125	4489382.3125	366425.3125
1989966.625	4717560.625	328459.875
2093356.4375	4940442.4375	290249.6875
2195960.5	5157857.3125	251784.3125
2297575.6875	5369646.5	213056.0625
2397997	5575656.3125	174058.5625
2497021.9375	5775739.5625	134783.3125
2594449.5	5969759.25	95227.1875
2690082.125	6157586.625	55389.0625
2783723.875	6339099.0625	15265
2875183.5	6514185	-25142.4375
2964272.125	6682742.8125	-65828.1875
3050806	6844677.0625	-106788.75
3134605	6999902.9375	-148017.125
3215494.1875	7148346.8125	-189501.25
3293303.8125	7289944.625	-231226.4375
3367869.125	7424639.125	-273181.3125
3439032.125	7552386.3125	-315345
3506639.75	7673152.6875	-357695.1875
3570546.25	7786913.3125	-400208.375
3630612.125	7893652.5625	-442859.5
3686704.75	7993368.0625	-485616.8125
3738699.1875	8086068	-528445
3786477.5	8171767.375	-571311.75
3829929.4375	8250494	-614176.0625
3868953.125	8322287.5625	-656995.3125
3903452.875	8387196.25	-699725.125
3933344.5625	8445276.875	-742316.375
3958549.3125	8496599.5625	-784718.25
3978997.25	8541244.75	-826877.5
3994629	8579299.8125	-868735.5
4005391.3125	8610862.625	-910233.875
4011241.375	8636043.375	-951311.0625
4012143.9375	8654960.1875	-991900.6875
4008073.75	8667738	-1031935.6875
3999013.625	8674513.625	-1071347.5625
3984954.4375	8675433.1875	-1110065.0625
3965897.875	8670649.3125	-1148011.375
3941851.875	8660321.625	-1185113.9375
3912834.9375	8644621.3125	-1221296.25
3878873.4375	8623726.125	-1256476.3125
3840001.125	8597818.25	-1290574.8125
3796262.5625	8567089	-1323512.625
3747708	8531737	-1355207.125
3694395.875	8491966.625	-1385571.5
3636394.9375	8447984.9375	-1414526.75
3573780.0625	8400008.4375	-1441989.4375
3506631.875	8348258.5	-1467872.125
3435041.1875	8292957.3125	-1492092.1875
3359104.375	8234333.4375	-1514569.5625
3278924.25	8172620.25	-1535220.375
3194610.875	8108053.6875	-1553959.125
3106280.1875	8040870.25	-1570710
3014054.8125	7971310.8125	-1585394.6875
2918062.125	7899618.625	-1597931.6875
2818434.25	7826037.75	-1608246.5
2715310.8125	7750810.4375	-1616269.6875
2608834.9375	7674182.4375	-1621928.1875
2499152.0625	7596401.25	-1625150.875
2386414.375	7517708.3125	-1625875.6875
2270780.25	7438346.125	-1624043.4375
2152404.625	7358558.8125	-1619591.0625
2031449.125	7278586.25	-1612462.3125
1908080.0625	7198662.1875	-1602610.6875
1782465.9375	7119023.625	-1589989.5
1654772.75	7039901.5625	-1574552.1875
1525171.1875	6961521.5625	-1556261.5
1393834.125	6884106	-1535087.0625
1260937.5	6807872.875	-1511000.4375
1126650.875	6733036.625	-1483974.6875
991148.3125	6659801.375	-1453994.5625
854605.625	6588368.0625	-1421048.4375
717198.75	6518933.0625	-1385129.1875
579096.1875	6451683.1875	-1346233.75
440470.125	6386796.6875	-1304369.6875
301493.3125	6324447.25	-1259547.5
162336.75	6264801.375	-1211783.4375
23162.75	6208013.4375	-1161100.9375
-115863.1875	6154230.125	-1107530.9375
-254576.6875	6103592.1875	-1051108.6875
-392816.25	6056229.8125	-991875.625
-530430.625	6012261	-929882.4375
-667265.5625	5971796.4375	-865183.9375
-803168.875	5934938.75	-797840.875
-937993.5	5901777.625	-727921.875
-1071602.75	5872390.9375	-655503.1875
-1203857.4375	5846850.0625	-580664.4375
-1334621.8125	5825215.375	-503491.8125
-1463765.9375	5807533.375	-424080.6875
-1591171.5	5793840.625	-342530.875
-1716716.9375	5784165.6875	-258946.9375
-1840285.9375	5778524.625	-173439.4375
-1961768.5625	5776919.375	-86128.0625
-2081066.75	5779345.0625	2865.4375
-2198079.1875	5785785.125	93413.3125
-2312710.5	5796209.75	185381.625
-2424872.6875	5810580.75	278632.25
-2534489.125	5828848.25	373021.875
-2641480.1875	5850950.875	468401.9375
-2745772.4375	5876817.6875	564621.75
-2847300.3125	5906368	661525.3125
-2946009.4375	5939508.4375	758950.8125
-3041841.875	5976138.4375	856736.3125
-3134746.125	6016145.9375	954715.9375
-3224679.25	6059409.3125	1052719.625
-3311608.625	6105798.1875	1150574.9375
-3395496.9375	6155173.8125	1248107.9375
-3476314.25	6207386.6875	1345143.6875
-3554039.6875	6262280.375	1441504.6875
-3628659	6319690.25	1537010.0625
-3700156.875	6379443.0625	1631481.5
-3768521.9375	6441359.375	1724740.6875
-3833752.3125	6505251.875	1816606
-3895853.625	6570925.9375	1906896.5625
-3954826.5625	6638183.5	1995434.625
-4010677.75	6706817.0625	2082042.875
-4063423.5	6776615.8125	2166544.125
-4113082.5	6847364.9375	2248762
-4159672.875	6918841.75	2328524.375
-4203215.3125	6990823.1875	2405663.875
-4243738.375	7063083	2480012.125
-4281275.875	7135384.375	2551401.9375
-4315856.3125	7207497.0625	2619675.8125
-4347511.3125	7279186.9375	2684680.5625
-4376282.625	7350213.0625	2746261.3125
-4402209.9375	7420336.3125	2804269.5625
-4425332.5625	7489318.9375	2858565.875
-4445690.3125	7556922.5625	2909016.6875
-4463329.625	7622904.625	2955487.375
-4478299	7687026.5625	2997853.3125
-4490642.625	7749052.75	3035998.5
-4500401.625	7808749.375	3069813.625
-4507629.8125	7865877.75	3099190.3125
-4512378.0625	7920208.5	3124032.1875
-4514688.4375	7971518.625	3144251.375
-4514607.9375	8019579.75	3159767.25
-4512191.1875	8064169.4375	3170502.8125
-4507483.5625	8105075.9375	3176393
-4500529.75	8142090	3177382.125
-4491376.25	8174999.875	3173422.3125
-4480072.375	8203607.8125	3164471.0625
-4466660.5	8227723.1875	3150497.75
-4451184.1875	8247155.8125	3131481.4375
-4433685.25	8261721.25	3107410.1875
-4414204.8125	8271249.5625	3078277.75
-4392784.25	8275575.5	3044090
-4369461.6875	8274535.5625	3004862.625
-4344268.0625	8267979.75	2960621.4375
-4317242.8125	8255767.1875	2911396.8125
-4288420.5625	8237763.75	2857232.25
-4257828.875	8213839.4375	2798181
-4225493.625	8183879.9375	2734306.125
-4191448.6875	8147779	2665674.8125
-4155718.9375	8105435.8125	2592367.875
-4118322.625	8056759.375	2514475.5
-4079282.0625	8001671.6875	2432096.5625
-4038622.875	7940104.25	2345334
-3996357.75	7871992.875	2254304.4375
-3952502.1875	7797286.75	2159132.875
-3907071.3125	7715947	2059951.5
-3860079.4375	7627942.375	1956896.9375
-3811535.25	7533247.625	1850118.625
-3761448.125	7431853.3125	1739772.875
-3709823.875	7323759	1626022.0625
-3656672.6875	7208970.625	1509033
-3601998.8125	7087503.9375	1388983.8125
-3545803	6959387.625	1266057.75
-3488088.75	6824660	1140443.25
-3428861.6875	6683363.1875	1012332.875
-3368120.1875	6535552.625	881927.625
-3305864.25	6381294.5	749432.9375
-3242093.25	6220661.1875	615058.375
-3176810.4375	6053731.4375	479016.0625
-3110014	5880598.25	341524.0625
-3041700.9375	5701358.8125	202805.0625
-2971872.1875	5516119.5	63083.25
-2900531.125	5324995	-77417.5
-2827675.5	5128106.25	-218466.125
-2753306.3125	4925583.625	-359830.375
-2677425.5	4717562.25	-501278.5
-2600039.6875	4504185.5	-642580.375
-2521151.75	4285603.125	-783499.9375
-2440765.125	4061970.0625	-923801.6875
-2358888.75	3833448.6875	-1063253.25
-2275535.0625	3600205.6875	-1201624.9375
-2190712.625	3362413.375	-1338683.5625
-2104433.8125	3120249.75	-1474197.3125
-2016713.875	2873896.3125	-1607939.75
-1927574.125	2623538.5625	-1739688.875
-1837034.6875	2369370.1875	-1869221
-1745115.5	2111582.1875	-1996315.6875
-1651842.0625	1850371.1875	-2120758.5625
-1557248.1875	1585939.1875	-2242342.9375
-1461364.75	1318491.4375	-2360860.875
-1364223.8125	1048229.5	-2476110.4375
-1265863.875	775361.0625	-2587895.25
-1166331.3125	500097.3125	-2696030.8125
-1065670.125	222650.1875	-2800331.125
-963926.375	-56773.25	-2900618.0625
-861152.75	-337958.875	-2996721.0625
-757409.5625	-620691.5	-3088481.125
-652755.1875	-904758.5	-3175742
-547251	-1189950.75	-3258353.5625
-440964.1875	-1476053.375	-3336176.125
-333969.6875	-1762851.875	-3409082.3125
-226341.125	-2050137.5625	-3476948.375
-118155.125	-2337703.1875	-3539658.9375
-9493.375	-2625338.0625	-3597107.25
99554.6875	-2912832.8125	-3649202.875
208900.5	-3199986.4375	-3695857.75
318452.4375	-3486597.375	-3736993.9375
428115.5	-3772463.0625	-3772542.375
537786.625	-4057383.3125	-3802450.125
647362.9375	-4341168.1875	-3826669.5625
756740	-4623624.5	-3845160.3125
865810.625	-4904561.5625	-3857894.4375
974459.75	-5183792.125	-3864858.875
1082572.5625	-5461138.0625	-3866043.25
1190033.6875	-5736419	-3861450.6875
1296726.375	-6009458.0625	-3851093.0625
1402526	-6280082.3125	-3834993.3125
1507308.3125	-6548129.125	-3813186.25
1610949.875	-6813432.875	-3785715.3125
1713328.75	-7075829.5625	-3752624.5625
1814313.5625	-7335165.75	-3713980
1913772.1875	-7591293.375	-3669859.625
2011579.1875	-7844062.25	-3620339.1875
2107607.375	-8093324.125	-3565502.75
2201726.375	-8338945.25	-3505450.125
2293801.625	-8580792.4375	-3440297.25
2383705.4375	-8818729.5	-3370153.9375
2471311.5	-9052628.6875	-3295143.4375
2556492.8125	-9282373.9375	-3215394.8125
2639120.1875	-9507843.8125	-3131050.0625
2719066.625	-9728920.9375	-3042259.625
2796212.375	-9945496.3125	-2949174.5625
2870435.1875	-10157468.25	-2851952.6875
2941618	-10364729.375	-2750756.75
3009641.6875	-10567180.6875	-2645769.25
3074393.4375	-10764730.0625	-2537168.3125
3135763.0625	-10957286.875	-2425131.5
3193648.0625	-11144762.125	-2309843.75
3247944.5	-11327071.6875	-2191505.9375
3298550.25	-11504135.75	-2070317.625
3345373.375	-11675878.625	-1946473.75
3388326.6875	-11842226.4375	-1820177.6875
3427328.125	-12003106.25	-1691636.3125
3462292.6875	-12158451.875	-1561064.3125
3493147.75	-12308200.9375	-1428672.6875
3519828	-12452292.125	-1294674.4375
3542274.4375	-12590660.9375	-1159275.625
3560426.4375	-12723256.875	-1022698.5625
3574233.6875	-12850027.8125	-885165.625
3583657.125	-12970919.3125	-746886.1875
3588661.625	-13085880.1875	-608070.875
3589216.125	-13194870.875	-468935.875
3585297.375	-13297847.0625	-329703.8125
3576893.1875	-13394760.25	-190581
3563996.1875	-13485573.8125	-51776.125
3546606.5	-13570255.625	86507.3125
3524731.8125	-13648764.9375	224059.25
3498388.5625	-13721064.125	360674.4375
3467599.75	-13787126.4375	496158.875
3432396.625	-13846923.9375	630320.75
3392819.75	-13900421.375	762971.6875
3348916.9375	-13947592.125	893916.4375
3300741.1875	-13988416.8125	1022976.5625
3248356.625	-14022868.0625	1149980.1875
3191835	-14050921.375	1274754.125
3131257	-14072557.625	1397132.375
3066706.625	-14087761.6875	1516955.1875
2998279.3125	-14096510.875	1634069.75
2926078.875	-14098790.0625	1748328.125
2850215.375	-14094587.125	1859588.0625
2770803.5	-14083888.9375	1967716.5625
2687969.5625	-14066682.875	2072584.875
2601846.8125	-14042960.5	2174072.25
2512572.9375	-14012714.875	2272064.25
2420291.625	-13975939.625	2366454.625
2325156.4375	-13932631.4375	2457143.3125
2227327.5625	-13882788.5	2544037.5625
2126967.25	-13826409.4375	2627052.9375
2024245.1875	-13763499.75	2706110.8125
1919338	-13694063	2781141.625
1812429.9375	-13618102.3125	2852081.625
1703703.8125	-13535631.3125	2918875.6875
1593348.9375	-13446663.0625	2981475.25
1481562.625	-13351210.25	3039839.125
1368545.875	-13249287.4375	3093935
1254500.25	-13140917.5	3143734.5
1139628.625	-13026126.75	3189218.5625
1024142.125	-12904939.25	3230376.1875
908254.8125	-12777382.6875	3267200.1875
792179.875	-12643491.375	3299691.8125
676128.1875	-12503305.8125	3327859.9375
560319.75	-12356864.875	3351718
444974.0625	-12204211.125	3371285.875
330309.5625	-12045392.5625	3386591.5
216541.1875	-11880465.875	3397666.875
103889	-11709487.1875	3404549.25
-7428.875	-11532515.8125	3407283.5
-117193.8125	-11349616.0625	3405918.625
-225193.9375	-11160863.5625	3400508.375
-331217.375	-10966331.875	3391111
-435052.1875	-10766100.5	3377791.4375
-536486.5625	-10560253.5625	3360617.4375
-635320.5	-10348882.9375	3339659.5625
-731355.5	-10132086.5	3314995.4375
-824390.6875	-9909964.0625	3286704.625
-914232.5	-9682619.1875	3254869.0625
-1000696.5625	-9450165	3219575.25
-1083602	-9212723.25	3180912.6875
-1162770.5625	-8970414.4375	3138973.0625
-1238031.4375	-8723364.625	3093849.0625
-1309219	-8471709.1875	3045637.75
-1376180.8125	-8215593.125	2994437.9375
-1438766.25	-7955158.875	2940347.125
-1496829.0625	-7690557.1875	2883467.1875
-1550233.625	-7421945	2823901.4375
-1598859.5625	-7149489	2761750.75
-1642585.6875	-6873356.5625	2697119.0625
-1681300.3125	-6593721.25	2630111.8125
-1714902.3125	-6310760.8125	2560832.1875
-1743303.5	-6024664.125	2489383.375
-1766420.625	-5735622.375	2415871
-1784181.375	-5443830.125	2340398.875
-1796519.375	-5149485.625	2263067.6875
-1803383.6875	-4852798.125	2183981.25
-1804735.5	-4553980.6875	2103242
-1800540.0625	-4253246.4375	2020947.3125
-1790770	-3950813.375	1937197.25
-1775417.625	-3646907.6875	1852090.8125
-1754486.375	-3341761.3125	1765721.75
-1727979.75	-3035603.9375	1678184.5625
-1695917.125	-2728669.8125	1589573
-1658330.9375	-2421198.9375	1499977.1875
-1615264.0625	-2113437.75	1409484.5
-1566766.9375	-1805629.4375	1318182.6875
-1512901.8125	-1498020.5	1226157
-1453736.5	-1190860.5625	1133487.6875
-1389360.5	-884405.5625	1040255.9375
-1319867.375	-578908.0625	946540.0625
-1245355.625	-274622.1875	852414.5625
-1165935.6875	28198.1875	757953.125
-1081737.5	329293.1875	663227.125
-992891.5	628404.875	568304.375
-899536.1875	925278.5	473251.5625
-801820.625	1219660.6875	378133.375
-699906.5625	1511292.8125	283010.6875
-593962.875	1799918.9375	187943.75
-484162.375	2085290.6875	92990.625
-370689.5625	2367156.125	-1794.25
-253733.1875	2645267.3125	-96356.5625
-133493.5	2919380.0625	-190644.4375
-10175.375	3189252.1875	-284609.3125
116012.9375	3454645.5625	-378202.0625
244852.5	3715326.875	-471376.1875
376119.9375	3971066.3125	-564088.0625
509590.25	4221638.9375	-656293.3125
645030	4466826.5	-747949.5
782200.8125	4706414.8125	-839017.3125
920865.75	4940196	-929455.8125
1060779.375	5167969.375	-1019226.0625
1201694.125	5389540.875	-1108291.5
1343363.25	5604722.25	-1196613.9375
1485535.625	5813334.75	-1284156.5625
1627956.9375	6015206.6875	-1370884.5625
1770376.4375	6210173.5	-1456761.5625
1912539.875	6398080.5625	-1541751.4375
2054192.25	6578782.25	-1625820
2195083.3125	6752140.6875	-1708931.8125
2334958.5	6918027.5625	-1791049.9375
2473566.8125	7076326.25	-1872140.25
2610661.6875	7226927.875	-1952168.125
2745996.1875	7369733.9375	-2031092.75
2879325.875	7504658	-2108878.5
3010410.9375	7631622.4375	-2185492.25
3139016.9375	7750561	-2260890.5625
3264909.4375	7861419.5	-2335032.375
3387861.6875	7964152.875	-2407882.8125
3507652.375	8058728.1875	-2479400.5
3624063.5	8145124.3125	-2549537.8125
3736884.25	8223332.5	-2618252.9375
3845910.4375	8293352.3125	-2685507.4375
3950943.3125	8355197.25	-2751249.1875
4051791.5625	8408893.4375	-2815430.375
4148271.9375	8454476.625	-2878007
4240207.6875	8491993.625	-2938930.0625
4327429.875	8521504.8125	-2998143.8125
4409779.125	8543082.875	-3055597.25
4487103.9375	8556808	-3111242.75
4559259.3125	8562774.625	-3165020.0625
4626112.5	8561089.3125	-3216873
4687539.4375	8551868.0625	-3266747.75
4743421.875	8535236.4375	-3314587.625
4793654.3125	8511333.6875	-3360328.8125
4838141.5	8480309.8125	-3403912.1875
4876795.3125	8442321.875	-3445281.8125
4909537.1875	8397539.125	-3484371.75
4936301.375	8346141.75	-3521118.875
4957032.625	8288318.375	-3555462.875
4971679.5625	8224265.25	-3587342
4980205.9375	8154190.4375	-3616688.25
4982586.25	8078310.375	-3643438.8125
4978804	7996847.4375	-3667533.875
4968847.875	7910033.375	-3688906.375
4952722.4375	7818108.625	-3707492.1875
4930442.4375	7721319.6875	-3723230.4375
4902028.625	7619918.1875	-3736062.375
4867509.6875	7514165	-3745919.625
4826929.1875	7404326.4375	-3752743.3125
4780340.4375	7290671.625	-3756477.75
4727799.625	7173476.6875	-3757067.1875
4669374.125	7053022.9375	-3754448.6875
4605143.625	6929595.375	-3748569.3125
4535195.5	6803478.9375	-3739381.625
4459620.75	6674967.0625	-3726835.5
4378521.1875	6544353.5	-3710877.0625
4292008.9375	6411932.5	-3691464.125
4200201.625	6277999.8125	-3668558.6875
4103222.1875	6142855.875	-3642120.9375
4001201.1875	6006799.5	-3612109.25
3894279.3125	5870125.0625	-3578495.9375
3782599.9375	5733132.0625	-3541254.8125
3666313.625	5596118.5	-3500360.625
3545574.625	5459380.3125	-3455786.125
3420546.0625	5323204.9375	-3407521.625
3291393.3125	5187884.3125	-3355557.8125
3158288.6875	5053705.8125	-3299886.3125
3021404.375	4920953.375	-3240498.75
2880920.5625	4789903.75	-3177402.125
2737019.625	4660829.4375	-3110609.625
2589889	4533999.875	-3040132.0625
2439713.75	4409676.8125	-2965984.375
2286684.875	4288120.4375	-2888191.625
2130996.75	4169575.75	-2806790.0625
1972845.5	4054284.375	-2721815.0625
1812422.6875	3942480.5625	-2633305.125
1649925.6875	3834398.1875	-2541306.875
1485554.375	3730249.5625	-2445879.4375
1319507.625	3630239.375	-2347085.375
1151978.125	3534570.75	-2244987.3125
983164.3125	3443439.875	-2139656.8125
813265.375	3357022.6875	-2031175.1875
642477.6875	3275481.375	-1919632.5
470990.0625	3198981.1875	-1805116.75
298996.75	3127672.9375	-1687725.5
126690.5	3061692.1875	-1567562.1875
-45739.4375	3001156.3125	-1444742.1875
-218112.4375	2946184.5625	-1319381.125
-390243.875	2896878.625	-1191600.625
-561951.875	2853328.1875	-1061526.5625
-733058.3125	2815606.0625	-929296.9375
-903395.1875	2783778.4375	-795054.5
-1072791.5625	2757897.1875	-658942
-1241080.25	2738000.875	-521109
-1408097.625	2724118	-381711.9375
-1573691.9375	2716258.625	-240917.0625
-1737709.3125	2714423.1875	-98888.25
-1900000.0625	2718597.9375	44205.3125
-2060417.5625	2728765.9375	188190.75
-2218829.5625	2744882.5625	332883.9375
-2375101.6875	2766893.8125	478101.5
-2529103.0625	2794738.0625	623659.3125
-2680706.5	2828349.125	769370.75
-2829801.125	2867632.0625	915039.25
-2976273.5625	2912479.375	1060466.3125
-3120012.125	2962787.0625	1205458.9375
-3260911.4375	3018433.5625	1349817.5
-3398882	3079279.125	1493337.8125
-3533832.0625	3145174.0625	1635817.875
-3665669.4375	3215967.5625	1777055.5
-3794311.5	3291489.5625	1916846.125
-3919690.25	3371559.0625	2054983.5
-4041733.75	3455987.875	2191264.6875
-4160370	3544582.125	2325485.875
-4275538.75	3637132.25	2457445.125
-4387192.4375	3733420.9375	2586939.625
-4495277	3833224.375	2713769.0625
-4599741.625	3936314.25	2837737.1875
-4700545.25	4042449.3125	2958650.375
-4797659.875	4151378.5625	3076313
-4891047.375	4262854	3190536.875
-4980677.125	4376618.125	3301138.6875
-5066525.9375	4492402.125	3407937.125
-5148581.0625	4609935.75	3510753.0625
-5226819.8125	4728951.3125	3609415.9375
-5301229.8125	4849167.1875	3703759.1875
-5371803.0625	4970300	3793623
-5438538.3125	5092068.375	3878849.8125
-5501428.4375	5214187.3125	3959290.5625
-5560474.6875	5336366.5625	4034804.1875
-5615682.1875	5458315.625	4105257.125
-5667058.5	5579746.1875	4170517.125
-5714610.3125	5700368.6875	4230464.4375
-5758349.6875	5819893.5625	4284988.25
-5798290.375	5938028.9375	4333984.8125
-5834447.4375	6054489.75	4377353.5
-5866839.1875	6168991.3125	4415008.375
-5895485.5	6281251.125	4446872.6875
-5920404.375	6390986	4472876.5
-5941618.6875	6497923.625	4492956.5625
-5959153.8125	6601792.3125	4507063.25
-5973035.1875	6702322.1875	4515156.625
-5983282.4375	6799250.1875	4517205.625
-5989925.4375	6892322.3125	4513185.75
-5992993	6981288.3125	4503086.9375
-5992513.125	7065898.75	4486908.5
-5988506.375	7145918.75	4464660.5625
-5981007.5625	7221119.3125	4436359.25
-5970047.375	7291276.25	4402034.6875
-5955652.5	7356170.875	4361727.5
-5937845.3125	7415600.75	4315489.6875
-5916662.6875	7469368.4375	4263378.125
-5892135.875	7517280.8125	4205463.9375
-5864288.375	7559158.3125	4141829.25
-5833145.4375	7594833.125	4072566.5
-5798743.4375	7624144.375	3997773.0625
-5761112.1875	7646936.8125	3917560.1875
-5720273.1875	7663072.9375	3832049.875
-5676254	7672424.125	3741373.5
-5629089.75	7674867.6875	3645667
-5578807.4375	7670293.4375	3545079.4375
-5525428.1875	7658605.375	3439769.6875
-5468981.0625	7639717	3329905.1875
-5409499.9375	7613547.875	3215657.5
-5347008.6875	7580034	3097209.6875
-5281531.3125	7539122.625	2974753.375
