611270.6875	776588.9375	30253.6875
602792.25	788493.9375	61582.5625
593606.25	800444.4375	92899.375
583720.375	812457.375	124182.375
573142.4375	824546.75	155414.25
561882.9375	836717.25	186568.6875
549953.25	848974.1875	217618.8125
537363.5625	861334.5625	248544.625
524125.1875	873809.4375	279326.9375
510251.4375	886402.25	309938.9375
495756.25	899116.125	340352.1875
480651.5625	911966.4375	370548.125
464952.3125	924960.3125	400504.125
448674.125	938099.9375	430193.8125
431831.4375	951385.5625	459589.1875
414439.5	964829.625	488669.875
396515.1875	978435.125	517411.5625
378075.5	992202.3125	545788.5625
359135.25	1006128.75	573773.5
339713.1875	1020222.125	601342.6875
319827.3125	1034480.75	628471.3125
299493.8125	1048904.0625	655135.625
278730.375	1063486.8125	681306.8125
257556.4375	1078228.1875	706959.6875
235990.4375	1093123.9375	732069.1875
214048.4375	1108172.125	756612.8125
191750.9375	1123363.8125	780560.75
169117.25	1138690.25	803886.625
146164	1154143.9375	826566.6875
122910.3125	1169722.8125	848577.875
99376	1185410.4375	869891.0625
75579.8125	1201192.3125	890479.3125
51538.625	1217060.875	910320.125
27272.875	1233007.5625	929389.875
2801.75	1249012.0625	947660.875
-21858.0625	1265055.4375	965107.0625
-46687.1875	1281128.375	981706.3125
-71666.5	1297214.8125	997435.5625
-96777.9375	1313292.125	1012269.4375
-122004.3125	1329340.1875	1026182.875
-147326.25	1345342.4375	1039154.6875
-172725.4375	1361278.3125	1051163.125
-198185.25	1377126.25	1062185.8125
-223687.1875	1392860.5625	1072199.0625
-249213	1408459.6875	1081183.4375
-274745.75	1423900.5	1089119.5
-300268.375	1439162.5625	1095988.0625
-325762.9375	1454213.1875	1101767.75
-351212	1469027.125	1106441.75
-376599.0625	1483583.0625	1109993.25
-401907.375	1497856.3125	1112406.875
-427119.75	1511811.25	1113665
-452218.0625	1525421.9375	1113753.4375
-477188	1538665.5	1112659.0625
-502011.6875	1551515.6875	1110370.8125
-526675	1563933.4375	1106875.625
-551157.8125	1575894.1875	1102163
-575445.25	1587375	1096224.0625
-599521.6875	1598346.9375	1089052.375
-623371.875	1608773	1080640.375
-646978.5	1618625.6875	1070981.8125
-670324.6875	1627883.4375	1060072.9375
-693395.1875	1636517.625	1047912.4375
-716174.5625	1644493.6875	1034498.9375
-738648.1875	1651782.0625	1019831
-760796.6875	1658363.5	1003910.875
-782605.375	1664210.5	986742.4375
-804058.625	1669291.875	968331.125
-825144.0625	1673577.5	948681
-845840.25	1677050.5625	927800.5625
-866132.125	1679685.875	905699.9375
-886004.5625	1681456.5	882390.9375
-905447.0625	1682333.3125	857884
-924436.0625	1682301.9375	832194.1875
-942956.0625	1681340.75	805338.25
-960992.6875	1679427.75	777334.125
-978536.6875	1676536.375	748199.25
-995563.125	1672654.5625	717955.375
-1012055.4375	1667765.5	686626.25
-1028000.6875	1661852.375	654235.5
-1043390	1654892.625	620808
-1058197.9375	1646876.9375	586372.3125
-1072406.75	1637793.875	550958.625
-1086005.25	1627632.1875	514596.4375
-1098984.0625	1616374.5625	477317.875
-1111318.625	1604014.6875	439158.0625
-1122989.9375	1590546.9375	400153.875
-1133988.375	1575965.8125	360339.625
-1144304.1875	1560260.1875	319754.625
-1153914.125	1543427.125	278440.5
-1162798.5	1525467.3125	236439.8125
-1170949.5625	1506380.4375	193791.625
-1178356.75	1486162.6875	150541.625
-1184998.625	1464814.625	106737.6875
-1190855.875	1442343.375	62426.6875
-1195922.625	1418753.6875	17652.4375
-1200187.4375	1394049.3125	-27534
-1203631.5625	1368234.75	-73079.1875
-1206236.9375	1341323	-118933.0625
-1207999	1313324.125	-165047.5625
-1208906.25	1284248.875	-211367.5
-1208943	1254106.75	-257834.875
-1208093.75	1222915.25	-304397.4375
-1206354.5	1190690.125	-351003.3125
-1203715.125	1157448.5625	-397595.125
-1200163.3125	1123205.1875	-444111.3125
-1195687	1087981.3125	-490498.625
-1190283.375	1051798.25	-536701.875
-1183942.6875	1014678.625	-582663.25
-1176655.0625	976642.5	-628319.4375
-1168418.625	937714.3125	-673616.75
-1159227.0625	897920.1875	-718498.1875
-1149074.125	857287.625	-762906.4375
-1137954.875	815841.25	-806779.25
-1125870.8125	773608.875	-850062.4375
-1112818.0625	730620.5625	-892699.0625
-1098794.0625	686907.3125	-934633.625
-1083799.1875	642497.9375	-975806.875
-1067838.1875	597423.1875	-1016164.875
-1050910.5625	551716.125	-1055652.75
-1033018.0625	505410.375	-1094217.9375
-1014166.875	458538.1875	-1131806.125
-994364.5	411132.5	-1168364.0625
-973615.6875	363228.6875	-1203841.6875
-951926.4375	314861.8125	-1238189.8125
-929308.5	266066.5625	-1271361.25
-905773.8125	216878.0625	-1303304.375
-881332.0625	167332.625	-1333974.8125
-855992.9375	117465.3125	-1363329.25
-829775.8125	67313.1875	-1391328.1875
-802696.375	16912.5625	-1417923.75
-774767.5625	-33701.5	-1443077.5
-746007.75	-84492.4375	-1466754.375
-716440.875	-135423.0625	-1488922.8125
-686085.8125	-186457.5	-1509540.625
-654961.1875	-237561.25	-1528576.3125
-623092.9375	-288697.5625	-1546004.125
-590509.0625	-339830.375	-1561800.875
-557232	-390925.75	-1575932.4375
-523287.4375	-441948.5625	-1588374.5625
-488707.625	-492863.625	-1599111.875
-453523.125	-543638.125	-1608129.75
-417761.9375	-594238.8125	-1615403.8125
-381456	-644631.625	-1620917.6875
-344642.9375	-694783.4375	-1624667.125
-307355.5625	-744666	-1626646.25
-269628.1875	-794246.25	-1626841.125
-231498.25	-843492	-1625244.9375
-193006.9375	-892374.3125	-1621863.8125
-154190.4375	-940868.125	-1616700.875
-115088.3125	-988942.125	-1609753.5625
-75742.875	-1036566.0625	-1601025.1875
-36197.3125	-1083717.125	-1590531.75
3507.4375	-1130371.1875	-1578285.75
43328.5	-1176500.5625	-1564296.3125
83219.9375	-1222078.8125	-1548577.1875
123136.5	-1267087.0625	-1531152.875
163033.75	-1311503.125	-1512045.75
202866.1875	-1355303.6875	-1491276.75
242585.3125	-1398467.375	-1468869.8125
282144.5	-1440976.8125	-1444856.9375
321497.1875	-1482813.25	-1419269.6875
360595.875	-1523959.25	-1392141.4375
399391	-1564397	-1363505.25
437835.25	-1604110.375	-1333399.5625
475881.125	-1643084.4375	-1301864.75
513480.4375	-1681309.3125	-1268946.0625
550583.5625	-1718767.8125	-1234684.25
587143.8125	-1755446.875	-1199123.625
623114	-1791334.8125	-1162312.5
658446.125	-1826428.6875	-1124306.625
693092.1875	-1860712.8125	-1085153
727006.875	-1894176	-1044901.625
760145.0625	-1926811.125	-1003607.5625
792459.9375	-1958619.1875	-961334.6875
823906.6875	-1989587.5625	-918135.5625
854442.5625	-2019706.375	-874064.125
884025.25	-2048973	-829182
912610.8125	-2077391.3125	-783558.3125
940158.9375	-2104951.75	-737250.0625
966630.75	-2131645.375	-690313.8125
991987.6875	-2157473.875	-642816.8125
1016190.5	-2182442.5	-594830.5
1039204	-2206545.1875	-546415.25
1060994.75	-2229773.6875	-497629.125
1081528.875	-2252132.875	-448543.1875
1100773.125	-2273629	-399228.3125
1118698.625	-2294259.3125	-349747.9375
1135278.125	-2314015.9375	-300160.0625
1150483.9375	-2332905.8125	-250537
1164290.0625	-2350935.625	-200947.5
1176674.375	-2368105.75	-151455.875
1187617.125	-2384408.4375	-102119.875
1197097.4375	-2399852.1875	-53010.25
1205097.625	-2414443.5	-4192.25
1211603.25	-2428183.125	44272.375
1216602.625	-2441065.875	92325.5625
1220082.9375	-2453101.1875	139899.875
1222035	-2464295	186935.125
1222452.8125	-2474646.875	233374.375
1221333.5	-2484153.3125	279161.0625
1218672.5625	-2492824.8125	324233.125
1214470	-2500666.875	368535.625
1208728.75	-2507676.4375	412018.5
1201454.9375	-2513852.9375	454627.4375
1192652.8125	-2519206.5625	496308.4375
1182331.6875	-2523741.3125	537012.625
1170503.75	-2527452.375	576696.9375
1157184.1875	-2530341.6875	615311.8125
1142385.8125	-2532418.9375	652812.3125
1126127.5	-2533685.1875	689157.6875
1108431.125	-2534135	724309.0625
1089319.5	-2533772.375	758227.625
1068814.6875	-2532606	790876.5
1046945.0625	-2530633.5625	822222.125
1023741	-2527850.25	852234.625
999233.375	-2524260.875	880883.0625
973452.8125	-2519872.875	908140.125
946436.375	-2514680.9375	933981.1875
918222.6875	-2508681.8125	958384.875
888849.8125	-2501880.0625	981329.625
858356.625	-2494281.75	1002797.1875
826787.375	-2485879.4375	1022773.0625
794188.875	-2476671.375	1041243.75
760604.9375	-2466662.5	1058198.0625
726082.1875	-2455855.9375	1073626.875
690671.0625	-2444244.1875	1087525.3125
654424.875	-2431826.625	1099888.6875
617393.3125	-2418608.75	1110715.375
579627.5	-2404590.3125	1120006.6875
541185.5625	-2389765.625	1127764.3125
502124.875	-2374135.375	1133994.375
462497.75	-2357703.0625	1138705.125
422363.125	-2340467.5	1141905.25
381781.4375	-2322427.8125	1143606.1875
340812.875	-2303582.0625	1143822.625
299514.1875	-2283933.875	1142571
257947.625	-2263484.5	1139868.125
216174.9375	-2242232.125	1135734.4375
174258.5625	-2220176.0625	1130192.375
132258.5	-2197322.875	1123265.3125
90236.3125	-2173672.1875	1114978.4375
48254.875	-2149224.8125	1105359.9375
6381.375	-2123980.625	1094438.25
-35328.375	-2097946.875	1082244.0625
-76814.3125	-2071128.0625	1068809.9375
-118011.3125	-2043525.5	1054169.75
-158853.5625	-2015139.125	1038357.8125
-199285.5625	-1985977.5625	1021411.5625
-239251.5625	-1956049.6875	1003368.5625
-278686.4375	-1925357.5	984267.375
-317531	-1893906.5	964148.875
-355728.0625	-1861701.8125	943053.6875
-393224.3125	-1828757.1875	921024.375
-429963.8125	-1795079.6875	898104.125
-465892	-1760675.8125	874336.3125
-500949.3125	-1725552.4375	849766.25
-535089.375	-1689725.875	824440.1875
-568266.9375	-1653207.1875	798401.8125
-600429	-1616005.6875	771698.9375
-631521.375	-1578133	744379.9375
-661503	-1539603.3125	716490.9375
-690338.1875	-1500433.8125	688078.125
-717978.625	-1460638.0625	659191.375
-744380.75	-1420231.5	629880.0625
-769506.25	-1379227.125	600189.25
-793327.5625	-1337646.9375	570167.5
-815806.1875	-1295510.25	539865.5625
-836908.5	-1252834.1875	509330.625
-856602.8125	-1209634.25	478607.8125
-874866	-1165934.25	447746.3125
-891672.875	-1121759.4375	416796.1875
-906998.6875	-1077127.75	385800.9375
-920822.8125	-1032060.375	354805.9375
-933124.1875	-986580.75	323860.125
-943891.0625	-940717.5	293009.75
-953110.375	-894493	262295.625
-960771.6875	-847931.75	231762.625
-966857.625	-801057.9375	201457.75
-971368.25	-753901.0625	171421.4375
-974304.625	-706489.25	141693.375
-975663	-658848.125	112315.875
-975435.6875	-611004.5	83332.625
-973630.75	-562987.25	54778.1875
-970262.75	-514828.4375	26690.5
-965335.125	-466555.625	-890.25
-958852.9375	-418197.625	-27927.625
-950829.625	-369782.6875	-54389.8125
-941290.5	-321344.125	-80242.875
-930249.1875	-272912.375	-105449.5625
-917722.4375	-224516.5	-129981.25
-903730.375	-176185.25	-153808.4375
-888304.125	-127950.8125	-176900.875
-871470.0625	-79845.75	-199227.375
-853253.5625	-31898.625	-220764.9375
-833685.5	15861	-241487.875
-812797.875	63403.3125	-261369
-790628.1875	110695.625	-280385.375
-767213.1875	157709.125	-298517.125
-742591.3125	204415.5625	-315743.4375
-716795.875	250786.8125	-332042
-689873.0625	296792.3125	-347396.6875
-661870.25	342403.5625	-361790.75
-632830.75	387594.8125	-375208.3125
-602792.4375	432338.9375	-387633.125
-571805.6875	476609.25	-399053.875
-539927.25	520379.5	-409458.5625
-507203.1875	563625.6875	-418835.875
-473678.3125	606323.1875	-427175.5
-439404.1875	648449.5	-434470.5625
-404442.375	689982.3125	-440713.25
-368844.125	730899.5	-445896.4375
-332658.8125	771179.9375	-450017.3125
-295938.8125	810805.5	-453071.6875
-258746.1875	849758.5	-455057.125
-221137.5	888020.375	-455969.375
-183164	925574.125	-455812.25
-144881.4375	962405.6875	-454586.0625
-106347.3125	998502.375	-452291.125
-67621.0625	1033850.6875	-448927.5625
-28757.5625	1068437.6875	-444505.0625
10186.9375	1102254.5	-439028.1875
49160.25	1135293.25	-432498.6875
88103.1875	1167545.6875	-424922.625
126957.4375	1199004.1875	-416313.875
165669.4375	1229665.0625	-406681.0625
204190	1259525.3125	-396027.1875
242463.8125	1288581.75	-384365
280431.5	1316833.125	-371711.25
318043.1875	1344280.375	-358077.6875
355251.6875	1370926.625	-343469.4375
392007.5	1396772.3125	-327905.375
428254.25	1421822.875	-311405.25
463944.25	1446084.8125	-293981.8125
499034	1469566.625	-275644.3125
533479.75	1492272.75	-256416.375
567231.8125	1514213.5	-236320.25
600244.25	1535402.5	-215369.375
632479.4375	1555852.4375	-193578.4375
663897.4375	1575572.125	-170973.8125
694457.875	1594575.9375	-147580.125
724119.3125	1612883.4375	-123411.8125
752847.8125	1630511.8125	-98488.875
780609.25	1647474.8125	-72840.6875
807372.1875	1663788.6875	-46492.125
833102.25	1679478	-19460.4375
857768.5625	1694565.5	8229.8125
881344.5625	1709067.875	36546.9375
903805.9375	1723004	65466.4375
925126.8125	1736400.6875	94966.3125
945281.125	1749286.4375	125019.9375
964249.75	1761679.25	155592.75
982014	1773602.3125	186660.375
998557.5625	1785081.5625	218196.25
1013861.1875	1796149.25	250171.375
1027910.875	1806826.5	282550.1875
1040695.375	1817138.5	315307.0625
1052206.0625	1827110.1875	348411.375
1062432.1875	1836774.375	381831.8125
1071364.5	1846156.3125	415532.875
1078999.5	1855280.3125	449485.9375
1085334.5	1864172.375	483658.1875
1090367.6875	1872861.9375	518015.6875
1094095.6875	1881376.875	552523.4375
1096521.0625	1889741.4375	587148.9375
1097647.625	1897981.9375	621857.6875
1097480.5625	1906122.625	656614.6875
1096023.4375	1914190.5625	691383.8125
1093284.3125	1922212.0625	726129.5625
1089273.5625	1930210.9375	760816
1084001.25	1938207.3125	795407.6875
1077478.3125	1946223.4375	829866.5625
1069718.1875	1954287.9375	864155.25
1060736.8125	1962419.5625	898236.4375
1050548.6875	1970637.25	932074.6875
1039170.75	1978954.8125	965629.375
1026622.375	1987399.625	998862.5
1012923.6875	1995989.25	1031735.75
998093.4375	2004738.1875	1064213.375
982153.4375	2013652.1875	1096252.6875
965128.4375	2022753.8125	1127815.1875
947042.125	2032060.75	1158862.9375
927916.9375	2041580	1189359.125
907779.1875	2051313.25	1219260.125
886657	2061273.375	1248527.375
864577.625	2071476.9375	1277123.625
841567.3125	2081925.1875	1305011.125
817655.5625	2092615.5	1332146.3125
792872.75	2103550.3125	1358491.0625
767248.4375	2114740.9375	1384009.4375
740813.4375	2126186.5625	1408662.6875
713600.0625	2137878.0625	1432408.4375
685638.625	2149809.375	1455210
656960.375	2161983.1875	1477032.4375
627601.4375	2174397.4375	1497837.25
597594.75	2187034.5625	1517584
566971.5	2199885.125	1536238
535763.0625	2212939.5	1553765.5625
504009.0625	2226191.6875	1570129.8125
471744.4375	2239620.8125	1585292.75
438999.9375	2253211.75	1599222.625
405807.375	2266944.6875	1611887.375
372207.1875	2280806.0625	1623252.9375
338237.1875	2294775.0625	1633284.6875
303926.5	2308828.4375	1641954
269308.75	2322941.25	1649231.6875
234422.875	2337089.375	1655087.1875
199307.875	2351251.0625	1659490.4375
163993	2365397.75	1662416.1875
128514.0625	2379501.375	1663839.5625
92906.0625	2393526.6875	1663734.375
57207.3125	2407448.8125	1662075.4375
21450.875	2421238.375	1658842.1875
-14328.1875	2434862.75	1654014.625
-50097.6875	2448279.8125	1647572
-85822.9375	2461458.0625	1639494.875
-121464.9375	2474370.125	1629768
-156991.5	2486977.75	1618377.4375
-192371.3125	2499237.4375	1605308.3125
-227574.5	2511109.8125	1590547.8125
-262558.9375	2522567.3125	1574087.0625
-297292.25	2533571.5625	1555918.8125
-331745.1875	2544077.4375	1536034.75
-365891.4375	2554040.1875	1514429.6875
-399690.3125	2563429.625	1491101.5
-433105.75	2572211.1875	1466050.375
-466113.4375	2580336.8125	1439275.375
-498686.4375	2587762.1875	1410779.375
-530789	2594452.5	1380568.0625
-562383.25	2600376.9375	1348649.125
-593447.5	2605487.4375	1315029.6875
-623952.8125	2609742.5625	1279721.125
-653870	2613103.8125	1242737.8125
-683163.3125	2615542.125	1204094.5625
-711808.125	2617014.4375	1163807.6875
-739776.8125	2617481.125	1121897.4375
-767044.5625	2616904.1875	1078386.375
-793581.8125	2615254.3125	1033297.375
-819357.8125	2612495.5625	986656.1875
-844349.4375	2608590.25	938491.6875
-868532.625	2603505.3125	888835
-891886.0625	2597210.875	837716.8125
-914375.6875	2589676.5625	785172.625
-935978.875	2580871	731240.1875
-956674.5625	2570765.9375	675958
-976447.6875	2559333.375	619365.4375
-995265.875	2546546.9375	561507.4375
-1013103.375	2532384.1875	502429.875
-1029945.375	2516821.375	442178.375
-1045777.9375	2499835.625	380801.25
-1060575.25	2481404.0625	318351.75
-1074309.3125	2461512.875	254883.5
-1086970.875	2440144.125	190448.6875
-1098544.0625	2417282.375	125104.25
-1109011.875	2392908.75	58911.25
-1118349.1875	2367016.25	-8070.6875
-1126546.1875	2339595.6875	-75782.625
-1133589.625	2310637.625	-144160
-1139465.625	2280131	-213134.875
-1144157.375	2248074.3125	-282643.125
-1147655.8125	2214465.5625	-352619
-1149950.25	2179303.5	-422992.25
-1151029.8125	2142584.3125	-493689.0625
-1150883.375	2104313.6875	-564641.75
-1149504.6875	2064496.75	-635778.875
-1146886.9375	2023139.375	-707025.3125
-1143023.0625	1980246.1875	-778303.9375
-1137906.875	1935829.5625	-849544
-1131535.25	1889901.75	-920669.375
-1123906.4375	1842476.0625	-991602.3125
-1115018.875	1793564.75	-1062264.6875
-1104868.6875	1743187.0625	-1132581.4375
-1093457.6875	1691362.3125	-1202475.125
-1080790.875	1638110.9375	-1271867.6875
-1066869.9375	1583452.6875	-1340679.6875
-1051695.4375	1527412.875	-1408834.3125
-1035275.125	1470017.6875	-1476255.125
-1017620.625	1411294.25	-1542865.1875
-998735.0625	1351269.0625	-1608583.8125
-978626.3125	1289973.25	-1673335.6875
-957309.6875	1227439.4375	-1737048.5625
-934798.8125	1163700.75	-1799644.75
-911101.875	1098789.5	-1861045.75
-886236.4375	1032742.1875	-1921182.125
-860220.75	965597.125	-1979983.125
-833072.75	897392.625	-2037373.6875
-804808.875	828165.875	-2093282.1875
-775452.0625	757958.625	-2147643.25
-745025.0625	686813.3125	-2200389.0625
-713552.25	614772.3125	-2251451.5625
-681056.5625	541877.6875	-2300767.6875
-647565.625	468174.875	-2348275.5625
-613108.6875	393710.3125	-2393913.6875
-577716.5625	318529.3125	-2437622.9375
-541416.5	242677.25	-2479347.375
-504242.9375	166203.125	-2519033.25
-466230.9375	89154.75	-2556627.4375
-427415.6875	11580.375	-2592080.375
-387831.5625	-66470.9375	-2625343.5625
-347516.9375	-144949.75	-2656372.4375
-306515.375	-223806	-2685126.5625
-264864.875	-302990.25	-2711565.1875
-222606.0625	-382451.9375	-2735651.1875
-179782	-462140.5625	-2757346.8125
-136441.1875	-542005.5	-2776626.5625
-92627.25	-621996.875	-2793461.625
-48385.625	-702063.5625	-2807823.6875
-3763.5625	-782154.9375	-2819687.125
41186.1875	-862221.125	-2829040
86414.875	-942212.3125	-2835866
131873.1875	-1022077.5625	-2840146.375
177510.25	-1101767.5625	-2841870.4375
223269.8125	-1181234	-2841039.5625
269099	-1260427	-2837647.875
314945.4375	-1339298.4375	-2831690.6875
360755.0625	-1417799.375	-2823171.125
406468.75	-1495883.5	-2812102.9375
452032	-1573504.3125	-2798491.375
497389	-1650614.625	-2782348.4375
542483.8125	-1727168	-2763689.8125
587256.875	-1803121.125	-2742538.8125
631650.75	-1878429.25	-2718916.4375
675608.6875	-1953048.3125	-2692848.6875
719074.375	-2026935.1875	-2664363
761988.0625	-2100049.3125	-2633492.375
804291.4375	-2172349.0625	-2600275.3125
845927.75	-2243793.5625	-2564749.8125
886841.5	-2314343.125	-2526952
926974	-2383960.875	-2486928.875
966267.5	-2452608.6875	-2444732.375
1004666.875	-2520248.5	-2400411.1875
1042118.25	-2586845.25	-2354010.75
1078565.6875	-2652365.75	-2305591.75
1113953.375	-2716775.625	-2255218.125
1148229.3125	-2780039.5	-2202944.8125
1181342.25	-2842128.5625	-2148830.875
1213240.375	-2903011.9375	-2092946.1875
1243871.8125	-2962658.5	-2035363.9375
1273188.5	-3021037.8125	-1976146.5
1301143.5625	-3078126	-1915365.0625
1327690.4375	-3133895.8125	-1853096.8125
1352782.8125	-3188317	-1789419.875
1376377.625	-3241367.875	-1724407.25
1398433.875	-3293026.1875	-1658137.5625
1418911.75	-3343267.625	-1590692.3125
1437771.375	-3392066.3125	-1522155.0625
1454976.3125	-3439407.0625	-1452607.625
1470492.6875	-3485269.875	-1382133.625
1484288.5625	-3529630.75	-1310815
1496331.625	-3572473.0625	-1238742.625
1506593.3125	-3613783.8125	-1166002.625
1515048.0625	-3653544.875	-1092680.4375
1521672.75	-3691735.3125	-1018859.0625
1526443.625	-3728346.625	-944633.75
1529341.375	-3763366.6875	-870092.6875
1530349.875	-3796777.4375	-795319.4375
1529454.75	-3828566.4375	-720399.625
1526642.1875	-3858728.5	-645428.25
1521903.3125	-3887251.125	-570492.0625
1515231.875	-3914119.75	-495672.9375
1506622.3125	-3939329.9375	-421058.6875
1496072.625	-3962876.5	-346739.5625
1483584.4375	-3984746.75	-272796.4375
1469161.0625	-4004933.9375	-199311.5625
1452807.75	-4023437.5625	-126371.75
1434533.875	-4040250.4375	-54058.375
1414351.75	-4055363.25	17551.875
1392274.3125	-4068777.125	88378.875
1368318.875	-4080491.125	158341.8125
1342505.6875	-4090497.0625	227368.6875
1314856.8125	-4098794.0625	295386.75
1285396.625	-4105385.8125	362320.125
1254153.5	-4110269.3125	428099.8125
1221158.1875	-4113440.1875	492660.625
1186442.625	-4114904.4375	555934.75
1150042.6875	-4114664.6875	617856.25
1111997.3125	-4112717.1875	678366.875
1072346.25	-4109066.25	737408.125
1031132.3125	-4103719.25	794920.125
988401.6875	-4096677	850850.0625
944202.5625	-4087939.9375	905148.75
898583.8125	-4077518.5	957765.1875
851598.8125	-4065418.8125	1008651.75
803302.625	-4051641.0625	1057767.6875
753750.75	-4036195	1105072.0625
703002.5625	-4019091.25	1150524.5
651119.0625	-4000334.375	1194091.125
598162.875	-3979930.1875	1235741.5625
544197.625	-3957892.875	1275444.1875
489290.375	-3934232.25	1313172.1875
433509.125	-3908953.375	1348903.8125
376922.1875	-3882070.75	1382617.9375
319601	-3853598.6875	1414295.5625
261618.125	-3823545.9375	1443922.5625
203046.25	-3791923.8125	1471488.375
143960.0625	-3758750.6875	1496982.1875
84435.25	-3724040.625	1520398.1875
24548.75	-3687803.6875	1541734.3125
-35623	-3650059.625	1560989.375
-96001.5	-3610827.1875	1578165.375
-156507.8125	-3570119.625	1593268
-217061.75	-3527952.75	1606305.8125
-277586.0625	-3484351.9375	1617288.4375
-338000.6875	-3439336.0625	1626229.75
-398225.3125	-3392920.375	1633145.8125
-458176.5625	-3345126.5	1638054.9375
-517779.5	-3295982.75	1640978.1875
-576954.5625	-3245508.375	1641939.0625
-635620	-3193724.5625	1640963.625
-693694	-3140656.125	1638079.8125
-751104.5	-3086333.5625	1633318.5625
-807773.9375	-3030778.875	1626711.875
-863620.5625	-2974018.75	1618294.9375
-918568.375	-2916081.1875	1608105.0625
-972549.0625	-2856997.3125	1596180.3125
-1025486	-2796795.25	1582561.5
-1077304	-2735505.1875	1567291.8125
-1127932.3125	-2673157.1875	1550415.375
-1177306.9375	-2609785.625	1531977.25
-1225355.875	-2545423.625	1512025.6875
-1272012.75	-2480104.75	1490610.5625
-1317213.0625	-2413860.4375	1467780.6875
-1360896.5625	-2346730	1443588.1875
-1403001.875	-2278750.5	1418087
-1443470.875	-2209957.5	1391330.9375
-1482244.6875	-2140385.6875	1363373.625
-1519272.0625	-2070078.625	1334273
-1554502.6875	-1999076.375	1304086.5
-1587887.125	-1927416.0625	1272869.75
-1619372.9375	-1855137.1875	1240682.6875
-1648922.375	-1782285.8125	1207585.125
-1676495.625	-1708904.125	1173635.875
-1702050.5	-1635032.125	1138894.3125
-1725547.125	-1560712.6875	1103422.375
-1746959.75	-1485994	1067281.375
-1766259.125	-1410919.5	1030529.9375
-1783412.1875	-1335533	993230.8125
-1798394.25	-1259879.1875	955446.0625
-1811191.125	-1184007.1875	917235.3125
-1821782.125	-1107962.75	878659.3125
-1830149.5	-1031791.6875	839780.3125
-1836281	-955540.0625	800659.1875
-1840172.875	-879257.3125	761353.5625
-1841816.625	-802991.125	721925.6875
-1841209.6875	-726788.25	682435.4375
-1838351.625	-650694.875	642939.5625
-1833247.9375	-574761	603496.9375
-1825906.6875	-499034.75	564166.125
-1816337.8125	-423563	525004.0625
-1804550.5	-348391.375	486064.5625
-1790563.75	-273569.625	447405.125
-1774399.75	-199145.25	409080.5
-1756080.0625	-125164.125	371141.875
-1735623.1875	-51670.875	333642.9375
-1713063.6875	21286.5	296635.375
-1688436.0625	93661.75	260169.3125
-1661769.5625	165411.3125	224292.5
-1633096.9375	236492	189054.8125
-1602464.8125	306858.875	154503.0625
-1569917	376468.1875	120680.8125
-1535492.6875	445279.125	87633.875
-1499238	513251.8125	55405.125
-1461209.125	580344.5625	24035.875
-1421456.6875	646517.375	-6434.3125
-1380032.9375	711733.1875	-35965.9375
-1336993.4375	775956.4375	-64520.6875
-1292400.6875	839149.8125	-92063.375
-1246314.875	901277.625	-118560.75
-1198797.9375	962308.125	-143979
-1149912.875	1022210.5	-168285.5
-1099726.5625	1080952.875	-191449.4375
-1048309.4375	1138505.125	-213445.5
-995730.75	1194841.0625	-234247.375
-942058	1249935.8125	-253825.625
-887362.875	1303763.375	-272155.8125
-831722.5	1356300.4375	-289220.0625
-775210.9375	1407527.0625	-304998.1875
-717899.3125	1457425	-319466.1875
-659864.625	1505974.6875	-332607.1875
-601186.5625	1553160.1875	-344408.4375
-541942.1875	1598968.625	-354856.5
-482205	1643388.75	-363933.0625
-422055.375	1686408	-371629.0625
-361573.3125	1728018.6875	-377936.5
-300837.1875	1768214.8125	-382848.875
-239921.25	1806992.5625	-386353.6875
-178907.1875	1844347.4375	-388449.125
-117873.4375	1880279	-389132.75
-56897.5625	1914789.6875	-388403.8125
3946.5625	1947882.5	-386256.1875
64578.625	1979561	-382695.25
124922.9375	2009832.9375	-377723.75
184904.625	2038708	-371346.625
244452.125	2066196.75	-363564.25
303488.125	2092310.75	-354388.4375
361941.4375	2117065.1875	-343827.6875
419741.6875	2140477.25	-331891.8125
476820.6875	2162564.8125	-318588
533106.5625	2183346.75	-303933.9375
588533.4375	2202845.5625	-287943.875
643037.0625	2221085.5625	-270632.3125
696554.3125	2238090.9375	-252013.0625
749020.125	2253888.0625	-232109.1875
800375.0625	2268505.625	-210940.8125
850562.6875	2281974.25	-188526.5625
899525.5625	2294324.3125	-164887.0625
947207	2305588.4375	-140050.25
993555.5	2315800.8125	-114041.5625
1038522.4375	2324997.625	-86884.125
1082058.25	2333214.375	-58605
1124115.125	2340488.875	-29235.9375
1164650.25	2346860.125	1191.6875
1203623.6875	2352368.3125	32649.625
1240994.125	2357053.3125	65106.8125
1276724	2360957.0625	98526.625
1310779.875	2364121.875	132874
1343130.25	2366591.0625	168113.4375
1373743.4375	2368407.6875	204209.875
1402592	2369615.9375	241124.1875
1429652.0625	2370260.6875	278816.6875
1454901.75	2370386.8125	317245.8125
1478318.625	2370039.0625	356372.125
1499885.625	2369263.0625	396154.3125
1519588.4375	2368104.3125	436548.875
1537415.0625	2366607.8125	477508.5
1553352.6875	2364819.1875	518989.75
1567393.875	2362783.1875	560949.4375
1579534.125	2360544.875	603340.1875
1589771.0625	2358148.4375	646110.1875
1598101.4375	2355638.0625	689212.375
1604527.3125	2353056.5	732601.4375
1609053	2350447.4375	776227.0625
1611685.5	2347852.6875	820033.5
1612431.6875	2345312.1875	863970.6875
1611301.3125	2342866.1875	907991.375
1608308.1875	2340556.0625	952042.375
1603467.8125	2338419.75	996065.6875
1596796.1875	2336491.4375	1040008.25
1588310.5	2334807	1083821.4375
1578032.875	2333405.5625	1127449.875
1565987.125	2332317.0625	1170833.9375
1552197.4375	2331570.8125	1213918.4375
1536687.9375	2331198.1875	1256653.5625
1519488.1875	2331233.0625	1298982.8125
1500629	2331695.875	1340845.375
1480142.375	2332610.5625	1382185.3125
1458058.75	2334004.6875	1422951.625
1434413.75	2335902	1463087.6875
1409244.375	2338315.25	1502532.5
1382589.875	2341262.625	1541230.1875
1354486	2344765.9375	1579129.3125
1324973.125	2348836.875	1616173.75
1294093.5625	2353480.5625	1652303.5
1261893.125	2358711.125	1687463.6875
1228411.875	2364539.3125	1721603.125
1193693.75	2370967.3125	1754667.1875
1157785.8125	2377993.0625	1786597.8125
1120739.125	2385624	1817342.25
1082597.125	2393859.4375	1846850.5625
1043405.9375	2402691.8125	1875070.25
1003217.9375	2412114.25	1901946.5
962086.4375	2422123.125	1927429.6875
920058.375	2432708.5625	1951472.125
877181.9375	2443854.5	1974024.5625
833512.6875	2455547.6875	1995036.4375
789104.625	2467772.0625	2014462.1875
744008.3125	2480510.125	2032257.8125
698274.1875	2493740.125	2048377.9375
651957.8125	2507437.3125	2062777.6875
605113.8125	2521576.9375	2075416.5
557797.375	2536136.8125	2086255.1875
510057.4375	2551084	2095253.1875
461949.375	2566385.6875	2102372.6875
413529.8125	2582012.1875	2107578.9375
364855.25	2597932.8125	2110838.625
315973.0625	2614104.625	2112117.5
266938.4375	2630490.1875	2111385.375
217809.3125	2647055.0625	2108614.3125
168640.5625	2663757.9375	2103778.3125
119479.125	2680549.6875	2096850.375
70381.0625	2697391.5625	2087808.625
21400.375	2714239.625	2076633.1875
-27408.1875	2731045.75	2063306.125
-75995.5625	2747760.0625	2047809
-124310.8125	2764336.625	2030128.75
-172301.875	2780726.3125	2010254.3125
-219913.25	2796878.4375	1988177.125
-267097.1875	2812739.5	1963888.1875
-313808.25	2828258.625	1937383.5625
-359994.4375	2843384.875	1908662.125
-405601.1875	2858065.8125	1877725
-450584.5	2872243.9375	1844573.8125
-494903.625	2885865.5	1809214
-538504.6875	2898882.375	1771655
-581339.125	2911237.625	1731908.3125
-623365.125	2922872.9375	1689986.625
-664544.25	2933736.0625	1645905.3125
-704825.5	2943779.5625	1599684.625
-744165.9375	2952943.625	1551346.625
-782525.6875	2961172.6875	1500915.875
-819867.25	2968417.9375	1448417.625
-856146.5625	2974630.75	1393882.8125
-891324.5625	2979753.5625	1337344.8125
-925363.4375	2983734.25	1278839.5625
-958227.75	2986528.3125	1218402.6875
-989881.4375	2988087.4375	1156075.5625
-1020289.875	2988357.5625	1091902.5625
-1049415.4375	2987293.5	1025931.125
-1077227.875	2984853.6875	958206.9375
-1103698.25	2980993.125	888781.5625
-1128796.3125	2975663.1875	817710.1875
-1152485.3125	2968826.3125	745050.625
-1174742.25	2960444.3125	670859.125
-1195544.625	2950477.625	595196.1875
-1214864.8125	2938885.3125	518127.375
-1232670.75	2925636.6875	439720.5
-1248945.75	2910699.1875	360041
-1263674.0625	2894039.625	279158.125
-1276829.4375	2875626.5625	197147.1875
-1288388.8125	2855435.5625	114083.8125
-1298339.375	2833441.8125	30042.8125
-1306671.75	2809619.8125	-54898.9375
-1313363.375	2783947.6875	-140658.375
-1318400.4375	2756407.75	-227152.3125
-1321774.75	2726984.1875	-314298.3125
-1323480.625	2695660.375	-402012.875
-1323503.6875	2662423.5	-490206.625
-1321837.6875	2627264.875	-578790.875
-1318478.9375	2590175.3125	-667675.375
-1313425.9375	2551149.75	-756772.6875
-1306674.6875	2510185.5	-845989.75
-1298225.3125	2467280.5	-935231.625
-1288078.1875	2422436.125	-1024403.6875
-1276237.8125	2375656.9375	-1113415.6875
-1262710.5625	2326948.1875	-1202171.25
-1247503.125	2276318.375	-1290573.875
-1230619.1875	2223777.9375	-1378524.6875
-1212071.9375	2169340.1875	-1465931.75
-1191876.125	2113020.3125	-1552699.1875
-1170045.1875	2054835.25	-1638728.5
-1146587.5	1994805.3125	-1723921.0625
-1121525.25	1932952.0625	-1808183.9375
-1094881.75	1869299.6875	-1891423.1875
-1066675.0625	1803874.625	-1973541.8125
-1036921.6875	1736704.875	-2054441.875
-1005651.125	1667821.125	-2134032.9375
-972895.1875	1597256	-2212224.4375
-938676.25	1525043.5	-2288922.0625
-903021.25	1451220.25	-2364033.0625
-865965.1875	1375824.375	-2437468.8125
-827547.25	1298896.625	-2509145.8125
-787797.3125	1220478	-2578976
-746750.9375	1140612.375	-2646871.125
-704445.25	1059345.5625	-2712744.875
-660927.5	976724.3125	-2776524
-616241.125	892796.3125	-2838132.5
-570424.6875	807611.9375	-2897486.5
-523525.4375	721223.5	-2954510.9375
-475588.5625	633682.4375	-3009134.4375
-426667.3125	545042.625	-3061291.875
-376811.25	455360.25	-3110913.75
-326071.375	364691.9375	-3157933.625
-274498	273093.375	-3202289.625
-222152.4375	180624.25	-3243928.4375
-169089.4375	87344.1875	-3282792.3125
-115364.25	-6687.375	-3318827.1875
-61035.125	-101409	-3351982.1875
-6167.25	-196758.5625	-3382217.0625
49179.6875	-292674.4375	-3409487.9375
104944.125	-389093.0625	-3433753.8125
161063.5625	-485950.75	-3454976.9375
217469.9375	-583184.3125	-3473130.9375
274097.1875	-680728.625	-3488187
330880.125	-778519.375	-3500118.75
387753.8125	-876492	-3508902.375
444645.875	-974580.8125	-3514526.0625
501487	-1072721.25	-3516977.4375
558209.625	-1170848.25	-3516245.1875
614745.125	-1268895.9375	-3512320.625
671020.625	-1366800.125	-3505206.8125
726963.9375	-1464495.8125	-3494908.5625
782505.1875	-1561917.625	-3481429.625
837575.6875	-1659002.375	-3464777.3125
892101.6875	-1755685.4375	-3444969.75
946009.5625	-1851902.6875	-3422028.625
999230.25	-1947592.25	-3395973.3125
1051694.0625	-2042690.625	-3366827.125
1103328.6875	-2137135.375	-3334622.9375
1154061.4375	-2230866.5	-3299399.375
1203824.3125	-2323822.0625	-3261190.6875
1252548.375	-2415940.375	-3220036.3125
1300165	-2507165.75	-3175983.0625
1346603.375	-2597438.125	-3129085.1875
1391798	-2686698.125	-3079392.4375
1435683.25	-2774889.25	-3026958.75
1478194.5	-2861958.625	-2971844.1875
1519265.0625	-2947849.125	-2914117.6875
1558833.5625	-3032504.625	-2853842.0625
1596838.75	-3115875	-2791086.8125
1633220.5	-3197908.875	-2725925.875
1667920.4375	-3278553.75	-2658435.125
1700881.5625	-3357758.125	-2588693.6875
1732048.5	-3435477.25	-2516783.3125
1761368.5	-3511662.5	-2442788.25
1788790.0625	-3586265.5625	-2366796.0625
1814263.8125	-3659241.6875	-2288895.6875
1837742	-3730550.1875	-2209179.5
1859180.0625	-3800146.0625	-2127741.125
1878535.3125	-3867985.9375	-2044677
1895766.625	-3934032.125	-1960085
1910836	-3998247	-1874064.6875
1923708.0625	-4060590.875	-1786717.9375
1934350.25	-4121025.5625	-1698147.0625
1942730.875	-4179520.125	-1608456.9375
1948822.6875	-4236039.875	-1517752.625
1952601.25	-4290550.3125	-1426140.5625
1954044.125	-4343020.375	-1333728.5
1953131.0625	-4393424.375	-1240624
1949846.3125	-4441730.5625	-1146936.0625
1944177.0625	-4487911.0625	-1052774.25
1936112.375	-4531941.5625	-958244.5625
1925643.875	-4573799.375	-863461.0625
1912768.125	-4613460	-768532.3125
1897484.5625	-4650898.875	-673564.375
1879793.8125	-4686100.5	-578666.75
1859701.25	-4719044.4375	-483951.375
1837215.875	-4749710.25	-389522.8125
1812348.75	-4778083.9375	-295486.875
1785113.75	-4804151.5625	-201950.0625
1755529.375	-4827897.875	-109019.6875
1723617.6875	-4849309.5625	-16797.5
1689400.75	-4868377.5625	74617.875
1652907.0625	-4885092.6875	165121.9375
1614168	-4899444.4375	254615.625
1573216.8125	-4911425.4375	343004.3125
1530088.75	-4921034.0625	430193.875
1484825.625	-4928262.8125	516088.25
1437471.1875	-4933107.0625	600597.5625
1388069.25	-4935569.0625	683634.6875
1336669.0625	-4935646.6875	765114.6875
1283324.625	-4933339.875	844950.0625
1228090.125	-4928650.875	923062
1171020.75	-4921585.3125	999374.3125
1112178.75	-4912147.3125	1073810.0625
1051629.125	-4900340.0625	1146295.0625
989435.125	-4886174.0625	1216761.75
925663.75	-4869659.125	1285145
860388.625	-4850801.875	1351379.875
793683.3125	-4829614.375	1415405.1875
725619.9375	-4806112.4375	1477165.8125
656276.8125	-4780307.1875	1536609.9375
585736.8125	-4752213.4375	1593684.1875
514079.125	-4721849.0625	1648343.125
441386.375	-4689232.625	1700544.25
367745.875	-4654382.9375	1750246.9375
293245.0625	-4617317.5625	1797415.4375
217970.5	-4578062.0625	1842017.1875
142013.3125	-4536639.5625	1884022.5
65466.3125	-4493071.0625	1923406.1875
-11579.125	-4447383.875	1960146
-89030.25	-4399607.6875	1994223.75
-166790.625	-4349767.8125	2025624.1875
-244763.6875	-4297892.125	2054336.3125
-322856.25	-4244016.625	2080352.25
-400970.0625	-4188171.25	2103667.1875
-479006	-4130386.625	2124280.9375
-556866.1875	-4070699	2142195.875
-634457.125	-4009147.9375	2157418.0625
-711678.5	-3945767.75	2169956.75
-788430.375	-3880596.5	2179825.0625
-864615.3125	-3813672.375	2187038.75
-940139.9375	-3745040.9375	2191616.9375
-1014905.75	-3674743.6875	2193582.875
-1088815.9375	-3602821.1875	2192961.3125
-1161771.6875	-3529316.625	2189780.375
-1233684.75	-3454281.9375	2184072.875
-1304461.5	-3377761.75	2175872.875
-1374005.625	-3299802.125	2165217.5
-1442225	-3220452	2152147.0625
-1509036.875	-3139765.5625	2136704.125
-1574351	-3057792.9375	2118934.25
-1638078.5625	-2974586.25	2098885.5625
-1700134.8125	-2890197.5	2076607.9375
-1760442.1875	-2804683.25	2052153.625
-1818918.0625	-2718100.3125	2025578.125
-1875484.1875	-2630505.125	1996939.125
-1930063.125	-2541951	1966294.25
-1982583.4375	-2452499.875	1933704.8125
-2032976.4375	-2362212.75	1899234.5
-2081173.5	-2271148.5	1862948.0625
-2127103.375	-2179363.6875	1824910.3125
-2170708.8125	-2086924	1785190.25
-2211933.5	-1993893.9375	1743857.6875
-2250716.9375	-1900333.8125	1700982.5625
-2287001.8125	-1806303.875	1656636.3125
-2320743.875	-1711871.6875	1610892.6875
-2351898.375	-1617104.6875	1563826.875
-2380416.9375	-1522063.875	1515512.0625
-2406258.3125	-1426813	1466024.6875
-2429390.375	-1331420.8125	1415442.5
-2449780.1875	-1235955.0625	1363843.125
-2467396.625	-1140478.625	1311302.25
-2482213.8125	-1045056.8125	1257898.75
-2494209.1875	-949758.125	1203714.375
-2503367.6875	-854650.4375	1148825.4375
-2509673.75	-759797.6875	1093310.4375
-2513115.8125	-665265.25	1037249.875
-2513683.9375	-571120.0625	980724.9375
-2511381.875	-477429.5	923810.9375
-2506209.4375	-384257.375	866587.5625
-2498167.1875	-291667.8125	809136.0625
-2487262	-199725.0625	751533.5625
-2473514	-108495.4375	693855.75
-2456938.3125	-18040.6875	636180.625
-2437548.25	71577.5	578588.4375
-2415368.5	160298	521150.875
-2390434.3125	248057.4375	463943.1875
-2362774	334797.25	407042
-2332416.4375	420459.0625	350521.375
-2299401.625	504986.25	294450.25
-2263779.625	588319.875	238900.25
-2225590.1875	670405.1875	183946
-2184879.6875	751189.1875	129653
-2141700.9375	830620.25	76088
-2096115.9375	908645.125	23319.125
-2048177.75	985214.6875	-28585.9375
-1997948.125	1060281.6875	-79568.1875
-1945491.5625	1133800.875	-129565.125
-1890879	1205726.375	-178512.125
-1834178.75	1276015.125	-226352
-1775463.6875	1344627.0625	-273029.375
-1714808.5	1411524.625	-318487.8125
-1652292.625	1476669.625	-362668.9375
-1587997.875	1540026.4375	-405525.5
-1522006.875	1601563.5625	-447006.875
-1454400.3125	1661251.75	-487061.25
-1385267.3125	1719061.0625	-525641.625
-1314699.5625	1774965	-562706.4375
-1242786.625	1828941.1875	-598212.625
-1169614.875	1880968.6875	-632113.875
-1095282.0625	1931027.0625	-664375.4375
-1019884.9375	1979100.1875	-694961.125
-943517.6875	2025174.875	-723833.5625
-866272.125	2069239.25	-750957.4375
-788252.4375	2111283.25	-776306.375
-709557.6875	2151300.75	-799852.25
-630282.875	2189289.1875	-821561.4375
-550526.125	2225245.4375	-841412.75
-470393.1875	2259170.1875	-859387.25
-389983.125	2291067.9375	-875463.25
-309391	2320946.1875	-889614.9375
-228718.625	2348811.75	-901832.75
-148070.5625	2374675.9375	-912105.75
-67542.6875	2398553.5	-920417.8125
12769.75	2420461.8125	-926754.125
92765.3125	2440418.0625	-931114.375
172343.4375	2458443.5	-933495.4375
251412.25	2474563.0625	-933887.625
329878.25	2488803.8125	-932288.25
407643.125	2501192.6875	-928705.5625
484613.6875	2511760.9375	-923142.3125
560702.0625	2520542.5	-915598.125
635819.4375	2527573.875	-906080.625
709873.0625	2532891.4375	-894606.875
782778.6875	2536535	-881184.3125
854453.9375	2538547.25	-865824.625
924816.5625	2538973.5	-848544.125
993782.375	2537858.0625	-829366.3125
1061276.25	2535248.75	-808306.5
1127223.6875	2531195.875	-785386.9375
1191550.375	2525752.5	-760632.25
1254183	2518969.9375	-734071.1875
1315055.875	2510902.5625	-705729.3125
1374104.25	2501607.125	-675637.0625
1431263.4375	2491143.3125	-643826.75
1486472.3125	2479567.75	-610332.9375
1539674.75	2466940.375	-575191.8125
1590817.5625	2453322.625	-538441.3125
1639847.125	2438779.8125	-500118.8125
1686714.5	2423371.8125	-460268.0625
1731375.125	2407162.75	-418932.6875
1773787.3125	2390217.625	-376158.0625
1813909.5625	2372605.125	-331986.375
1851705.6875	2354386.9375	-286471.0625
1887143.3125	2335629.3125	-239662.5
1920192.8125	2316399.75	-191610.5625
1950825.0625	2296768.4375	-142364.875
1979017.0625	2276796.75	-91986.625
2004748.875	2256551.4375	-40532.125
2028002.75	2236101.125	11945.25
2048762.875	2215515.0625	65387.3125
2067018.875	2194852.8125	119727.0625
2082763.25	2174180	174904
2095990.1875	2153564.5	230860.125
2106696.9375	2133072.125	287529.4375
2114886	2112759.4375	344840.6875
2120560.9375	2092689.375	402730.8125
2123728.1875	2072927.5	461135.5
2124398.0625	2053532.75	519983.9375
2122584.375	2034557.875	579201.25
2118301.6875	2016062.1875	638722.1875
2111568.9375	1998106.375	698476.5
2102408.125	1980741.125	758389.8125
2090843	1964013.375	818386.0625
2076899.5	1947978.375	878396.4375
2060607.625	1932687.6875	938347.3125
2042000.0625	1918184.1875	998161.5625
2021109.8125	1904508.0625	1057763.3125
1997973.8125	1891708.0625	1117079.9375
1972632.125	1879824.6875	1176036.3125
1945125.9375	1868891.75	1234554.75
1915497.375	1858943.625	1292559.125
1883793.5625	1850017.5	1349974.5625
1850062.8125	1842144.1875	1406725.9375
1814353.4375	1835347.5625	1462736.8125
1776717.3125	1829654.375	1517930.25
1737208.8125	1825088.125	1572232.0625
1695883.375	1821669.4375	1625568.4375
1652796	1819414.0625	1677864.4375
1608006.9375	1818336	1729044.0625
1561576.875	1818447.375	1779034.8125
1513565.625	1819757.5625	1827766.25
1464036.375	1822273.5625	1875165.5625
1413053.8125	1825994.8125	1921159.375
1360684.0625	1830921.5625	1965678.75
1306991.375	1837055	2008657.4375
1252044.75	1844388.4375	2050025.5625
1195913.25	1852909	2089714.6875
1138665.4375	1862606.25	2127660.875
1080370.5	1873472.0625	2163802.75
1021100.4375	1885483.75	2198075.1875
960927.5625	1898618.0625	2230416.0625
899922.9375	1912856.9375	2260767.9375
838158.6875	1928177.75	2289075.0625
775708.3125	1944545.25	2315279.25
712646.9375	1961929	2339325.9375
649045.5	1980298.8125	2361165
584978.5	1999619.375	2380748.0625
520521.5	2019846.6875	2398025.125
455748.375	2040941.6875	2412950.625
390730.8125	2062861.3125	2425482.75
325543.5	2085560.6875	2435581.9375
260264.125	2108989.8125	2443207.875
194961.625	2133097.0625	2448324.5625
129709.375	2157830.375	2450900.125
64584.0625	2183140.0625	2450905.125
-342.6875	2208964.8125	2448309.75
-65002.6875	2235244.875	2443088.8125
-129321.4375	2261923.4375	2435221.5
-193224.9375	2288942.9375	2424689.25
-256647.4375	2316233.25	2411473.8125
-319519.8125	2343730.375	2395562.125
-381768.5	2371373.375	2376944.875
-443326.75	2399095.9375	2355615.4375
-504132	2426823.5625	2331567.75
-564113.1875	2454491.375	2304801.625
-623204.0625	2482031	2275320.4375
-681344.3125	2509372.0625	2243129.25
-738469.6875	2536440.3125	2208235.6875
-794515.875	2563166.4375	2170652.625
-849422.5	2589478.875	2130396.0625
-903132.8125	2615307.75	2087483.75
-955585.75	2640577.5	2041937.25
-1006723.1875	2665216.375	1993783.0625
-1056490.0625	2689154	1943049.75
-1104834.3125	2712322.125	1889767.6875
-1151701.875	2734643.25	1833972.75
-1197040.375	2756047.875	1775704.375
-1240796.625	2776470.0625	1715004.5625
-1282928.75	2795840.4375	1651916.4375
-1323389.125	2814084.6875	1586489.1875
-1362128	2831139	1518775.3125
-1399101.125	2846939.5	1448829.5625
-1434274.1875	2861419.875	1376707.75
-1467604.125	2874512.25	1302471.875
-1499048.5	2886157.9375	1226186.625
-1528571.375	2896297.25	1147919.5625
-1556146.625	2904869	1067737.875
-1581734.375	2911814.375	985715.9375
-1605302.9375	2917079.875	901930
-1626824.375	2920612	816458.6875
-1646278.1875	2922358.4375	729380.4375
-1663632.8125	2922267.9375	640780.625
-1678866	2920294.1875	550745.75
-1691957.8125	2916392.6875	459364.8125
-1702893.25	2910520.25	366726.0625
-1711651.5625	2902634.25	272924.375
-1718218.75	2892697.6875	178055.125
-1722583.4375	2880675.5625	82216.3125
-1724737	2866535.1875	-14495.5625
-1724669.9375	2850243.3125	-111977.625
-1722377.125	2831773.25	-210127.1875
-1717854.75	2811100.875	-308839.1875
-1711102.0625	2788203.875	-408010.25
-1702121.0625	2763059.6875	-507531.75
-1690915.6875	2735652.6875	-607295.375
-1677489.3125	2705970.25	-707190.875
-1661850.4375	2674000.5625	-807110
-1644012.25	2639732.625	-906940.375
-1623987.625	2603162.0625	-1006570.125
-1601787.1875	2564287.8125	-1105886
-1577430.25	2523109.1875	-1204777.0625
-1550939.5625	2479626.6875	-1303129.0625
-1522337.8125	2433847.8125	-1400829
-1491642.875	2385782.5	-1497763
-1458885.25	2335441	-1593819.25
-1424097.25	2282836.0625	-1688884.5625
-1387310.125	2227985.9375	-1782846.8125
-1348550.25	2170911.6875	-1875593.75
-1307858.9375	2111634.4375	-1967015.25
-1265278.0625	2050178.625	-2057001.4375
-1220846.1875	1986572.9375	-2145443.5625
-1174599.625	1920848.5625	-2232233.3125
-1126590.1875	1853037.8125	-2317264.5625
-1076866.3125	1783175.375	-2400433.375
-1025475.1875	1711299.8125	-2481636.4375
-972465.6875	1637452.5	-2560772.25
-917894.75	1561675.375	-2637740.75
-861820.3125	1484012.875	-2712446.125
-804297.875	1404512.75	-2784793.4375
-745384.875	1323225.0625	-2854689.6875
-685145.6875	1240200.875	-2922043.3125
-623646.625	1155493.4375	-2986769.4375
-560950.6875	1069158.375	-3048782.875
-497123	981253.5	-3108002
-432234.9375	891838.125	-3164345.6875
-366359.875	800972.625	-3217741.875
-299567.9375	708719.8125	-3268117.875
-231930.4375	615143.5625	-3315404.625
-163526.25	520311.4375	-3359534
-94433.4375	424288.5625	-3400448.4375
-24727.625	327143.0625	-3438089.375
45512.1875	228946.0625	-3472402.75
116204	129769.125	-3503334.375
187264.625	29682	-3530843.25
258612.75	-71241.5	-3554886.625
330165.0625	-172926.4375	-3575426.375
401837.5	-275298.75	-3592424.3125
473541.875	-378283.4375	-3605856.8125
545193.3125	-481803.875	-3615698.5625
616706.5625	-585782.9375	-3621928.3125
687995.4375	-690144.0625	-3624524.8125
758968.6875	-794809.0625	-3623483.125
829539.75	-899699.3125	-3618795.6875
899623.0625	-1004738.625	-3610459.375
969130.8125	-1109846.6875	-3598470.4375
1037971.375	-1214944.5	-3582842.9375
1106058.5625	-1319954.1875	-3563587.875
1173307.0625	-1424799.625	-3540720.25
1239629.5625	-1529398.5	-3514254.25
1304936	-1633672.5625	-3484223
1369142.0625	-1737546.9375	-3450656.1875
1432164.25	-1840944.5	-3413586.75
1493917.875	-1943783.625	-3373046.6875
1554316.25	-2045988.625	-3329087.6875
1613278.6875	-2147487.75	-3281757.8125
1670724.8125	-2248203.5	-3231107.1875
1726574.9375	-2348056.1875	-3177185.375
1780747.625	-2446975.75	-3120061.625
1833167	-2544891.375	-3059801.5
1883758.3125	-2641728.3125	-2996471.5
1932448.1875	-2737410.375	-2930137.4375
1979162.25	-2831872.9375	-2860885.0625
2023831.25	-2925046.6875	-2788796
2066387.9375	-3016860.4375	-2713951.6875
2106767	-3107244.75	-2636432.9375
2144902.6875	-3196137.8125	-2556340.125
2180734.125	-3283474.8125	-2473769.25
2214203.4375	-3369189.25	-2388815.0625
2245254.5625	-3453218.5625	-2301571.375
2273832.1875	-3535503.625	-2212151.0625
2299885.8125	-3615984.9375	-2120662.5625
2323367.5625	-3694603.8125	-2027211.75
2344232.75	-3771301.6875	-1931903.3125
2362437.875	-3846024.8125	-1834860.25
2377943.9375	-3918720.0625	-1736201.0625
2390714.6875	-3989336.5	-1636040.125
2400718.125	-4057819	-1534490.8125
2407923.6875	-4124120.8125	-1431684.25
2412304.8125	-4188196.0625	-1327744.5
2413838.4375	-4249999	-1222791.375
2412506.0625	-4309483.75	-1116948.125
2408291.1875	-4366608.3125	-1010348.25
2401180.1875	-4421333.875	-903118.8125
2391164.8125	-4473620.125	-795384.4375
2378240.625	-4523429.875	-687272.1875
2362405.1875	-4570728.9375	-578915.9375
2343659.5625	-4615483.6875	-470443.25
2322010.25	-4657662.25	-361981.875
2297467.4375	-4697234.5	-253658.5
2270042.875	-4734172.6875	-145602.875
2239753.375	-4768451.5	-37944.4375
2206620.6875	-4800046.5625	69191.1875
2170668.375	-4828933.75	175683.1875
2131923.6875	-4855094.875	281403.9375
2090419.1875	-4878511.75	386227.1875
2046191.1875	-4899165.1875	490034.25
1999276.5625	-4917041.4375	592709.6875
1949718.6875	-4932129.5625	694131.375
1897565.25	-4944417.875	794180.25
1842865.5625	-4953894.0625	892747.1875
1785670.875	-4960555.8125	989722.4375
1726040	-4964397.3125	1084993.5625
1664033.625	-4965412.875	1178452.625
1599714.3125	-4963602.6875	1269998.875
1533148.4375	-4958968.5625	1359532.75
1464406.625	-4951512.5625	1446954.5
1393562.875	-4941237.9375	1532167.625
1320693.375	-4928152.6875	1615082.375
1245875.375	-4912266.9375	1695612
1169192.4375	-4893587.6875	1773671.5
1090730.8125	-4872128.9375	1849176
1010576.875	-4847907.625	1922049.25
928819.8125	-4820935.8125	1992220.8125
845552	-4791233.8125	2059620.125
760871.6875	-4758823.375	2124175.4375
674875.4375	-4723724.1875	2185826.75
587660.9375	-4685960.75	2244517.3125
499328.25	-4645560.125	2300194.6875
409984	-4602550.25	2352804.625
319734.1875	-4556959.0625	2402299.8125
228684.4375	-4508819.125	2448640.5
136939.8125	-4458166.25	2491790.3125
44611.6875	-4405032.1875	2531715.0625
-48185	-4349455.375	2568381.75
-141341.4375	-4291478	2601766.8125
-234745	-4231137.1875	2631850.0625
-328282.25	-4168473.25	2658616.4375
-421838.25	-4103537.8125	2682050.4375
-515296.6875	-4036375.9375	2702142.5625
-608542.625	-3967030.5625	2718890.3125
-701462.3125	-3895551.625	2732295.0625
-793942.25	-3821997.1875	2742360.3125
-885862.0625	-3746417.125	2749091.3125
-977108.0625	-3668864	2752501.75
-1067565.25	-3589393.8125	2752608.4375
-1157126	-3508069.875	2749432.5
-1245671.1875	-3424948.4375	2742995.5
-1333086.5	-3340090.4375	2733324.9375
-1419260.125	-3253557.6875	2720454.0625
-1504090.8125	-3165417	2704418.25
-1587466.5	-3075732.9375	2685255.25
-1669273.0625	-2984572.1875	2663006.75
-1749406.25	-2892001.9375	2637720.25
-1827768.5625	-2798092.6875	2609443.625
-1904260.875	-2702916.8125	2578229.6875
-1978774.625	-2606545.75	2544134.3125
-2051210.125	-2509050.4375	2507216.1875
-2121478.5625	-2410505.875	2467535.8125
-2189494	-2310990.5625	2425158.4375
-2255159.3125	-2210580.1875	2380152.625
-2318379.5625	-2109347.875	2332587.3125
-2379079	-2007374.0625	2282534.4375
-2437181.4375	-1904740.9375	2230069.5
-2492607.3125	-1801527	2175271
-2545271.5	-1697808.125	2118217.1875
-2595107.75	-1593668.625	2058990.375
-2642053.4375	-1489193.5625	1997675.3125
-2686047.0625	-1384462.125	1934355.9375
-2727019.0625	-1279553.625	1869119.625
-2764911.3125	-1174553.9375	1802057.5
-2799679.6875	-1069549.5	1733260.875
-2831275.625	-964619.8125	1662818.3125
-2859651.8125	-859846.625	1590823.5
-2884761.75	-755315.625	1517375
-2906576.125	-651112.9375	1442567.875
-2925061.875	-547318.125	1366495.5
-2940193.9375	-444013.5625	1289254.9375
-2951943.4375	-341283.25	1210948.8125
-2960292.125	-239211.75	1131675.625
-2965227.25	-137877.875	1051531.875
-2966740.5	-37362.4375	970616.6875
-2964825.9375	62253.375	889032.5625
-2959479	160888	806880.3125
-2950703.9375	258464.3125	724258.5625
-2938508.8125	354905.1875	641268.5625
-2922911.125	450133.3125	558009.4375
-2903924.875	544071.25	474580.25
-2881566.4375	636646	391082.5625
-2855863.625	727785	307615.1875
-2826851.6875	817416.5	224276.0625
-2794567.75	905468.125	141159.625
-2759040.5625	991872.625	58367.25
-2720315.875	1076563.6875	-24006
-2678443	1159476.5	-105862.75
-2633482.8125	1240545.3125	-187115.875
-2585480.5625	1319709.8125	-267668.9375
-2534493.0625	1396911.25	-347426.8125
-2480586.5	1472093.1875	-426298.125
-2423839.375	1545198.0625	-504200.6875
-2364317.0625	1616173.625	-581048
-2302085.4375	1684970.0625	-656745.3125
-2237227	1751540.375	-731209.8125
-2169831.3125	1815837.0625	-804361
-2099984.6875	1877816.5625	-876125.8125
-2027765.4375	1937439.4375	-946415.375
-1953263.75	1994668.875	-1015150.9375
-1876583.75	2049468.6875	-1082259
-1797822.75	2101805.5625	-1147673.9375
-1717074	2151650.9375	-1211319.1875
-1634438.6875	2198978.875	-1273123.8125
-1550028.4375	2243765.9375	-1333019.875
-1463950.375	2285989.9375	-1390949.9375
-1376306.75	2325633.6875	-1446847.8125
-1287209.25	2362683.1875	-1500652.9375
-1196777.375	2397127.625	-1552306.1875
-1105122.75	2428957.625	-1601756.625
-1012355.3125	2458167.0625	-1648950.5625
-918594.4375	2484755.1875	-1693837.125
-823964.25	2508723.75	-1736368.375
-728579.25	2530076.5625	-1776499.25
-632554.625	2548819.1875	-1814189.9375
-536013.6875	2564963.8125	-1849399.5625
-439082.5	2578525.1875	-1882092
-341876.1875	2589520.4375	-1912228.6875
-244512.8125	2597967	-1939783.5
-147116.8125	2603889.8125	-1964727.4375
-49812.5	2607316.25	-1987035.0625
47285.875	2608276.75	-2006675.75
144060.5	2606800.6875	-2023636.6875
240388.8125	2602924.9375	-2037902.0625
336150.875	2596689.125	-2049455.875
431235.4375	2588136.625	-2058277.8125
525528	2577308.375	-2064366.9375
618910.125	2564252.375	-2067721.1875
711269.5625	2549019.875	-2068333.5625
802499.5	2531665.875	-2066195.9375
892491.6875	2512242.8125	-2061318.0625
981134.75	2490808.375	-2053711.6875
1068325.5625	2467425	-2043378.0625
1153964.4375	2442157.0625	-2030323.9375
1237951.6875	2415068.5	-2014567.4375
1320185.3125	2386225.625	-1996133.625
1400573.1875	2355699.25	-1975034.625
1479024.75	2323562.5	-1951290.0625
1555450.8125	2289892.125	-1924923.25
1629760.875	2254760.25	-1895974.6875
1701874.8125	2218241.1875	-1864472
1771714.125	2180417.375	-1830441.875
1839201.3125	2141371.9375	-1793921.25
1904259.375	2101190.9375	-1754950.9375
1966820.625	2059950.3125	-1713575.75
2026820.4375	2017732.5625	-1669838.9375
2084194.375	1974628	-1623785.5625
2138880.3125	1930728.4375	-1575465.25
2190824.1875	1886120.6875	-1524926.25
2239975.75	1840884.875	-1472226
2286285.0625	1795111.4375	-1417425.875
2329705.75	1748894.625	-1360582.875
2370198.1875	1702326.375	-1301754.3125
2407726.625	1655494.1875	-1240998.0625
2442256.625	1608483.5	-1178391.3125
2473757.75	1561386.4375	-1114003.0625
2502205.6875	1514293	-1047902.25
2527579.3125	1467295.8125	-980150.125
2549859.75	1420484.875	-910823.625
2569032.5625	1373941.5	-840008.8125
2585089.125	1327753.6875	-767784.5
2598022.8125	1282007.625	-694223.1875
2607830.0625	1236798.6875	-619399.6875
2614512.0625	1192207.375	-543402.8125
2618075.625	1148307.5625	-466327.4375
2618528.9375	1105182.875	-388253.1875
2615882.625	1062919	-309262.9375
2610153.3125	1021599.125	-229443.5
2601362.25	981293.25	-148890.875
2589532.25	942068.3125	-67701.9375
2574687.3125	904005.75	14039.3125
2556858.75	867174.75	96237.875
2536080.875	831648	178802.9375
2512390.5625	797486.625	261634.5
2485824.5625	764748.8125	344635.125
2456427.0625	733498.5625	427711.5625
2424244.8125	703794.875	510766.5
2389328.3125	675700.8125	593705.5625
2351725.75	649260.25	676429.8125
2311491.875	624515.375	758836.375
2268685.25	601521.1875	840830.75
2223368	580320.875	922314
2175599.25	560957.625	1003194.6875
2125443.25	543462.9375	1083371.25
2072968.5625	527864.9375	1162740.4375
2018246.9375	514197.6875	1241208.9375
1961348.1875	502490.5	1318682.75
1902343.5	492771.75	1395071.25
1841310.3125	485050.625	1470272.1875
1778328.3125	479338.4375	1544187.5
1713476.9375	475659.1875	1616731
1646832.4375	474017.5	1687811.375
1578479.25	474415.1875	1757335.4375
1508504.375	476857.3125	1825213.625
1436993.625	481340.5625	1891357.8125
1364028.3125	487855.5625	1955682.5
1289698.6875	496396	2018103.0625
1214095.25	506948.375	2078535.4375
1137309.5	519492.4375	2136897.625
1059428.25	534009.75	2193112
980543.125	550476.8125	2247101.1875
900747.5625	568863.3125	2298789.25
820138.1875	589139.9375	2348103.625
738804.375	611270.4375	2394973.8125
656837.4375	635216.6875	2439332.5625
574334.4375	660938.625	2481114.3125
491392.125	688388.8125	2520255.5625
408103.4375	717521.0625	2556696.875
324557.8125	748283.6875	2590381.6875
240853.0625	780621.6875	2621254.8125
157085.6875	814478.5	2649265.8125
73349.3125	849793.6875	2674366.5
-10267.625	886504	2696511.5625
-93670.0625	924544.1875	2715659.875
-176762.75	963846.0625	2731772.875
-259452.0625	1004337.9375	2744816
-341652.4375	1045948.5625	2754757.5625
-423272.3125	1088600.75	2761569.1875
-504220.3125	1132217.75	2765226.875
-584403.1875	1176720.75	2765710.625
-663739.8125	1222027.125	2763002.5625
-742143.875	1268054.8125	2757089.1875
-819526.375	1314719.8125	2747961.0625
-895800.6875	1361934.375	2735613.75
-970887.125	1409611.1875	2720044.1875
-1044706.375	1457663.25	2701253.875
-1117175.875	1505999.3125	2679249.25
-1188214	1554528.6875	2654041.0625
-1257743.375	1603161.4375	2625642.5625
-1325695.375	1651804.5625	2594070.125
-1391992.6875	1700365	2559346
-1456559	1748751.8125	2521496.8125
-1519324.875	1796870.6875	2480552.1875
-1580228.125	1844628.5	2436543.5625
-1639198.375	1891933.875	2389508.9375
-1696170.5	1938693.125	2339490.5
-1751079.375	1984813.5	2286534.3125
-1803868.9375	2030205.625	2230687
-1854482.3125	2074776.625	2172001.4375
-1902861.5625	2118436.6875	2110534.9375
-1948947	2161098.1875	2046349.6875
-1992693.75	2202671.8125	1979507.375
-2034055.375	2243071.25	1910074.4375
-2072980	2282211.625	1838123.1875
-2109421.125	2320009.125	1763730.5625
-2143340.8125	2356381.0625	1686972.5625
-2174701.8125	2391247.875	1607928.625
-2203464.5625	2424531.4375	1526685.1875
-2229595	2456153.3125	1443331.4375
-2253058	2486041.4375	1357958.125
-2273831.5625	2514123.9375	1270655.6875
-2291888.75	2540328.875	1181522.9375
-2307203.0625	2564590.3125	1090660.6875
-2319749.625	2586844.5625	998171.875
-2329518.9375	2607027.9375	904158.0625
-2336496.5	2625081.3125	808727.1875
-2340664.0625	2640948.5	711990.3125
-2342010.0625	2654575.9375	614061.6875
-2340536	2665913.0625	515050.75
-2336238	2674910.25	415073.5
-2329110.375	2681524.5	314249.5
-2319153.8125	2685714.25	212700.375
-2306379.75	2687441.3125	110544.6875
-2290795.625	2686670.5	7902.5
-2272409.8125	2683368.75	-95100.9375
-2251235.875	2677507.5625	-198338.25
-2227292.0625	2669063.625	-301684.875
-2200600.5	2658014.75	-405018.0625
-2171182.75	2644340.625	-508209.0625
-2139064.5625	2628027.3125	-611127.8125
-2104271	2609063.875	-713646.1875
-2066840.25	2587441.5625	-815641.125
-2026806.625	2563155.3125	-916982.6875
-1984205.3125	2536204.0625	-1017541.5
-1939072.375	2506589.9375	-1117188.25
-1891458.625	2474318.25	-1215801.0625
-1841411.5625	2439397.9375	-1313253
-1788975	2401841.0625	-1409417.1875
-1734198.1875	2361663	-1504166.25
-1677142.5625	2318883	-1597381.6875
-1617866.125	2273522.6875	-1688942.6875
-1556424.1875	2225607.3125	-1778727.1875
-1492878.5625	2175165.25	-1866613.25
-1427296.875	2122228.125	-1952487.1875
-1359750.375	2066830.75	-2036238.4375
-1290305.8125	2009010.125	-2117750.375
-1219033.9375	1948807.375	-2196911.4375
-1146010.625	1886265.5625	-2273615
-1071317.8125	1821430.9375	-2347760.4375
-995032.375	1754352.5625	-2419243.8125
-917234.1875	1685081.875	-2487963.0625
-838006.4375	1613673.5625	-2553822
-757439.8125	1540183.75	-2616733.6875
-675620.625	1464672	-2676606.1875
-592636.9375	1387199.8125	-2733353.0625
-508578	1307830.875	-2786889.0625
-423541.5	1226631.1875	-2837141.5
-337622.375	1143668.875	-2884036.875
-250915.0625	1059013.9375	-2927501.75
-163514.25	972738.5625	-2967467.5
-75522.75	884916.3125	-3003876.875
12957.8125	795622.75	-3036673.875
101828.1875	704935.3125	-3065804.3125
190988.8125	612931.9375	-3091215.5
280334.3125	519693.6875	-3112866.0625
369757.8125	425301.1875	-3130723.125
459157.25	329837.75	-3144748.6875
548429.1875	233387.1875	-3154909.8125
637467.8125	136033.8125	-3161184.5
726163.5	37863.875	-3163559.0625
814412.25	-61035.75	-3162015
902109.25	-160578.125	-3156542.9375
989149.875	-260675.125	-3147137.4375
1075424.1875	-361237.25	-3133804.0625
1160827.6875	-462176.6875	-3116549.75
1245256.8125	-563403.375	-3095384.25
1328608.6875	-664826.5625	-3070319.375
1410776.875	-766358.75	-3041384.3125
1491657.75	-867908.6875	-3008607.8125
1571150.75	-969384.5625	-2972017.5
1649157.25	-1070699.3125	-2931648.625
1725575.875	-1171762.75	-2887548.6875
1800306	-1272483.125	-2839766.5625
1873253.375	-1372773.625	-2788352.625
1944324.3125	-1472546.125	-2733362.4375
2013424.5	-1571709.875	-2674858.0625
2080459.875	-1670179.0625	-2612913.4375
2145343.0625	-1767868.3125	-2547597.8125
2207987.5	-1864688.5625	-2478983
2268308.5	-1960555.4375	-2407150.625
2326220.5625	-2055388.125	-2332195.5
2381644.6875	-2149099.0625	-2254201.125
2434504.0625	-2241605.875	-2173259.375
2484724.5625	-2332831.25	-2089468.375
2532232.0625	-2422694.375	-2002937.3125
2576957.4375	-2511112.3125	-1913767.25
2618835.375	-2598012.3125	-1822067.75
2657804.125	-2683319	-1727950.5
2693802.4375	-2766954.5	-1631535.0625
2726772.9375	-2848847.0625	-1532941.1875
2756663.9375	-2928926.625	-1432290.6875
2783426.9375	-3007123.5625	-1329707.4375
2807014.9375	-3083367.5625	-1225319.0625
2827384.4375	-3157594.3125	-1119261.375
2844498.6875	-3229739	-1011665.875
2858323.25	-3299738.0625	-902664.625
2868826.4375	-3367531.4375	-792392.6875
2875980.875	-3433060.375	-680996.6875
2879764.9375	-3496267.625	-568615.8125
2880159.5625	-3557096.9375	-455386.9375
2877149.75	-3615497.375	-341451.25
2870724.75	-3671418	-226960.75
2860879.125	-3724808.625	-112059.5
2847609.6875	-3775622	3113.125
2830918.625	-3823816.3125	118412.75
2810812.8125	-3869349.1875	233686.0625
2787303	-3912177.125	348788.4375
2760402.75	-3952264.8125	463578.625
2730131.75	-3989578.0625	577913.0625
2696514.375	-4024081.4375	691643.3125
2659577.875	-4055742.625	804624.75
2619352.8125	-4084538.0625	916717.125
2575876.125	-4110439.625	1027782
2529189.4375	-4133419.375	1137678.8125
2479336.375	-4153459.9375	1246264.3125
2426364.625	-4170544.6875	1353405.75
2370327.5625	-4184652.75	1458972.125
2311283.3125	-4195769.5	1562830.5625
2249291.5	-4203887.6875	1664846.1875
2184416.5625	-4208995.875	1764895.5
2116727.9375	-4211086.875	1862855.375
2046298.125	-4210156.0625	1958605.625
1973202.5	-4206203.8125	2052023.9375
1897521.5625	-4199230.75	2142995.25
1819339.5625	-4189238.4375	2231409.25
1738741.625	-4176231.6875	2317161
1655817.9375	-4160223.3125	2400141
1570663.8125	-4141222.375	2480246.875
1483376.75	-4119237.875	2557384.4375
1394052.9375	-4094290	2631462.5625
1302796.0625	-4066398.625	2702389.125
1209714.5	-4035580.5625	2770077
1114916.3125	-4001858.4375	2834447.875
1018508.125	-3965262.625	2895427.0625
920604.8125	-3925818.375	2952941.9375
821325.75	-3883555.5625	3006921.5
720787.375	-3838508.8125	3057304.625
619105.4375	-3790713.375	3104034.9375
516402.9375	-3740206.5625	3147059.5625
412808.125	-3687028.6875	3186325.5
308443.6875	-3631222.3125	3221790.0625
203432.875	-3572832.875	3253415.5625
97903.375	-3511907.375	3281168.875
-8010.0625	-3448495.125	3305016.875
-114180.8125	-3382647.1875	3324935
-220480.0625	-3314419.125	3340904.9375
-326777.6875	-3243867.3125	3352913.25
-432937.125	-3171047.6875	3360947.0625
-538828.5	-3096022.375	3365000.375
-644321.25	-3018854.9375	3365074.25
-749284.3125	-2939609.8125	3361173.9375
-853582.1875	-2858348.9375	3353307
-957085.1875	-2775146.625	3341485.75
-1059664	-2690073.9375	3325730.4375
-1161189.375	-2603200.875	3306063.875
-1261529.375	-2514597.375	3282513.375
-1360556.25	-2424345.8125	3255109.6875
-1458145.6875	-2332525.3125	3223890.4375
-1554172.625	-2239210.625	3188895.625
-1648512	-2144480.375	3150171
-1741040.9375	-2048423.0625	3107765.0625
-1831641.9375	-1951123.3125	3061731.125
-1920197.1875	-1852662.25	3012125.875
-2006591.25	-1753125.375	2959011.5
-2090709.5	-1652605.625	2902453.125
-2172443.0625	-1551192.0625	2842517.9375
-2251684.3125	-1448972.5625	2779278.875
-2328329.625	-1346037.5	2712812.375
-2402275.6875	-1242481.9375	2643197.5
-2473424.5	-1138400	2570515.3125
-2541681.5	-1033884.25	2494852.5625
-2606956.25	-929028.875	2416298.1875
-2669160	-823929.125	2334942.5
-2728207.8125	-718684.25	2250880.3125
-2784020.375	-613389.3125	2164209.5625
-2836521.875	-508140.0625	2075028.875
-2885640.875	-403032.125	1983438.6875
-2931307.9375	-298167.6875	1889545.5625
-2973459.875	-193642.9375	1793456.5625
-3012038	-89552.875	1695277.4375
-3046989.4375	14006.125	1595117.75
-3078262.875	116932.125	1493093.0625
-3105812	219129.4375	1389316.5625
-3129597	320504.3125	1283900.5625
-3149584.6875	420961.5625	1176961.5625
-3165743.5	520401.4375	1068620.8125
-3178045.3125	618730.875	958995.6875
-3186470.375	715857.8125	848204.5
-3191005	811690.625	736367.375
-3191639.5625	906133.8125	623608.1875
-3188364.25	999097.8125	510047.75
-3181181	1090494.3125	395808.1875
-3170094.625	1180236.75	281011.6875
-3155118.375	1268236.25	165780.1875
-3136262.25	1354407.5	50238.875
-3113548.125	1438668.4375	-65489.9375
-3087000.6875	1520938.9375	-181284.3125
-3056655.1875	1601138.1875	-297025.8125
-3022542.625	1679187.0625	-412586.75
-2984702.9375	1755011.5	-527845.75
-2943181.0625	1828539.4375	-642685.6875
-2898033.1875	1899699.3125	-756989.875
-2849311.5	1968420.25	-870633
-2797072.5625	2034637.75	-983496.4375
-2741381.25	2098289.3125	-1095468.4375
-2682312.5625	2159313.625	-1206435.5
-2619939.5625	2217650.625	-1316277.25
-2554334.3125	2273246.125	-1424881
-2485580.625	2326048.4375	-1532139.5
-2413769.25	2376008.5	-1637945.0625
-2338993.125	2423077.9375	-1742185.4375
-2261339.0625	2467214.1875	-1844754.3125
-2180907.875	2508378.125	-1945550
-2097803.125	2546533.625	-2044471.4375
-2012135.75	2581645.375	-2141419.25
-1924006.6875	2613683.5625	-2236292.125
-1833529.5625	2642622.625	-2328996
-1740819.75	2668440.25	-2419438.6875
-1646002.75	2691115.125	-2507534.6875
-1549192.6875	2710631.25	-2593188.9375
-1450512.5625	2726977.875	-2676315.6875
-1350088.1875	2740146.5	-2756834.5625
-1248052.625	2750130.25	-2834670.5
-1144533.625	2756928.5	-2909740.25
-1039662.25	2760545.0625	-2981969.3125
-933571.8125	2760986.0625	-3051288.6875
-826399.0625	2758259.625	-3117631.625
-718280.375	2752380.5	-3180929.9375
-609352.6875	2743367.5	-3241121.4375
-499753.0625	2731241.375	-3298147.5625
-389622.625	2716025.5625	-3351953.875
-279101.0625	2697750.125	-3402487.0625
-168327.625	2676448.4375	-3449697.4375
-57439.75	2652156.375	-3493536.5
53418.4375	2624912.25	-3533966.5
164108	2594760.75	-3570947.5
274492.375	2561750	-3604440.625
384433.5625	2525930.0625	-3634412.5
493789.6875	2487353.6875	-3660840.1875
602425.4375	2446079.6875	-3683697.5625
710209.75	2402170.0625	-3702956.375
817005.8125	2355688.6875	-3718601.6875
922678.5	2306701.5625	-3730624.625
1027100.0625	2255280.6875	-3739009.875
1130144.9375	2201500.875	-3743745.5
1231682.1875	2145438.8125	-3744832.1875
1331586.9375	2087172.5	-3742274.625
1429740.8125	2026785.75	-3736069.5
1526025.375	1964365.25	-3726222.875
1620319.6875	1899998.9375	-3712750.375
1712512.0625	1833775.25	-3695667
1802494.125	1765788.125	-3674986.8125
1890157.9375	1696135	-3650730.8125
1975396.125	1624913	-3622928.125
2058110.625	1552219.1875	-3591606.125
2138205.375	1478156.0625	-3556796.625
2215585.6875	1402830	-3518534.5
2290160.0625	1326345	-3476859.5625
2361844.5625	1248805.375	-3431816.1875
2430558.125	1170319.75	-3383450.25
2496221.1875	1091001.5	-3331808.9375
2558759.5625	1010959.125	-3276945.3125
2618104.1875	930302.125	-3218919.3125
2674191.125	849143.1875	-3157790.0625
2726957.375	767600.5625	-3093614.4375
2776345.9375	685784.75	-3026462.0625
2822305.4375	603807.75	-2956405.375
2864788.8125	521784.8125	-2883514.9375
2903750.6875	439835.9375	-2807858.75
2939152.4375	358071.1875	-2729521.125
2970960.625	276603	-2648585.6875
2999145.6875	195546.6875	-2565132.75
3023680.375	115021.4375	-2479243.25
3044544.5	35134.5	-2391012.5625
3061723.1875	-44004.25	-2300535
3075203.9375	-122280.8125	-2207899.4375
3084978.125	-199580.5	-2113199.125
3091044.0625	-275800.875	-2016538.875
